#  Upper/Lower Bound, ordered as:
#  POSE_MID_s1    POSE_MID_e1     POSE_MID_w1,  POSE_FINAL_s1,  POSE_FINAL_e1, POSE_FINAL_w1   D1   D2    a, toff = D1 * a
lb    = np.array( [ -0.65, 0.31, -0.76, -0.65, 0.31, -0.76, 0.6, 0.6, -0.6 ] )
ub    = np.array( [  0.00, 0.83, -0.25,  0.00, 0.83, -0.25, 1.5, 1.5,  0.5 ] )
# Algorithm,
# GN_DIRECT_L_RAND
[Iteration] 1 [parameters] [-0.325, 0.57 ,-0.505,-0.325, 0.57 ,-0.505, 1.05 , 1.05 ,-0.05 ] [obj] 30.703791882004527
[Iteration] 2 [parameters] [-0.325, 0.57 ,-0.505,-0.325, 0.57 ,-0.505, 0.75 , 1.05 ,-0.05 ] [obj] 0.38325300505197146
[Iteration] 3 [parameters] [-0.325, 0.57 ,-0.505,-0.325, 0.57 ,-0.505, 1.35 , 1.05 ,-0.05 ] [obj] 29.015446257476334
[Iteration] 4 [parameters] [-0.325     , 0.39666667,-0.505     ,-0.325     , 0.57      ,-0.505     , 1.05      , 1.05      ,-0.05      ] [obj] 29.334823761686312
[Iteration] 5 [parameters] [-0.325     , 0.74333333,-0.505     ,-0.325     , 0.57      ,-0.505     , 1.05      , 1.05      ,-0.05      ] [obj] 29.625166947331742
[Iteration] 6 [parameters] [-0.325, 0.57 ,-0.505,-0.325, 0.57 ,-0.675, 1.05 , 1.05 ,-0.05 ] [obj] 25.892805295859706
[Iteration] 7 [parameters] [-0.325, 0.57 ,-0.505,-0.325, 0.57 ,-0.335, 1.05 , 1.05 ,-0.05 ] [obj] 26.681087044887057
[Iteration] 8 [parameters] [-0.325     , 0.57      ,-0.505     ,-0.54166667, 0.57      ,-0.505     , 1.05      , 1.05      ,-0.05      ] [obj] 26.723186806805643
[Iteration] 9 [parameters] [-0.325     , 0.57      ,-0.505     ,-0.10833333, 0.57      ,-0.505     , 1.05      , 1.05      ,-0.05      ] [obj] 20.470646303931247
[Iteration] 10 [parameters] [-0.54166667, 0.57      ,-0.505     ,-0.325     , 0.57      ,-0.505     , 1.05      , 1.05      ,-0.05      ] [obj] 32.78264909122583
[Iteration] 11 [parameters] [-0.10833333, 0.57      ,-0.505     ,-0.325     , 0.57      ,-0.505     , 1.05      , 1.05      ,-0.05      ] [obj] 15.414319725916032
[Iteration] 12 [parameters] [-0.54166667, 0.57      ,-0.675     ,-0.325     , 0.57      ,-0.505     , 1.05      , 1.05      ,-0.05      ] [obj] 39.91492944660589
[Iteration] 13 [parameters] [-0.54166667, 0.57      ,-0.335     ,-0.325     , 0.57      ,-0.505     , 1.05      , 1.05      ,-0.05      ] [obj] 36.39306660472678
[Iteration] 14 [parameters] [-0.54166667, 0.57      ,-0.675     ,-0.325     , 0.57      ,-0.505     , 1.05      , 0.75      ,-0.05      ] [obj] 31.274316241797806
[Iteration] 15 [parameters] [-0.54166667, 0.57      ,-0.675     ,-0.325     , 0.57      ,-0.505     , 1.05      , 1.35      ,-0.05      ] [obj] 50.18001277510017
[Iteration] 16 [parameters] [-0.54166667, 0.57      ,-0.675     ,-0.325     , 0.57      ,-0.505     , 1.05      , 1.35      ,-0.41666667] [obj] 34.391150339701525
[Iteration] 17 [parameters] [-0.54166667, 0.57      ,-0.675     ,-0.325     , 0.57      ,-0.505     , 1.05      , 1.35      , 0.31666667] [obj] 72.37384588583706
[Iteration] 18 [parameters] [-0.54166667, 0.57      ,-0.675     ,-0.325     , 0.39666667,-0.505     , 1.05      , 1.35      , 0.31666667] [obj] 47.847105278439116
[Iteration] 19 [parameters] [-0.54166667, 0.57      ,-0.675     ,-0.325     , 0.74333333,-0.505     , 1.05      , 1.35      , 0.31666667] [obj] 71.26909006445618
[Iteration] 20 [parameters] [-0.54166667, 0.57      ,-0.675     ,-0.325     , 0.57      ,-0.505     , 0.95      , 1.35      , 0.31666667] [obj] 63.29336275477615
[Iteration] 21 [parameters] [-0.54166667, 0.57      ,-0.675     ,-0.325     , 0.57      ,-0.505     , 1.15      , 1.35      , 0.31666667] [obj] 58.40253179257883
[Iteration] 22 [parameters] [-0.54166667, 0.57      ,-0.675     ,-0.325     , 0.39666667,-0.505     , 1.05      , 1.35      ,-0.05      ] [obj] 44.64607165669822
[Iteration] 23 [parameters] [-0.54166667, 0.57      ,-0.675     ,-0.325     , 0.74333333,-0.505     , 1.05      , 1.35      ,-0.05      ] [obj] 42.57882817490273
[Iteration] 24 [parameters] [-0.54166667, 0.57      ,-0.675     ,-0.325     , 0.57      ,-0.56166667, 1.05      , 1.35      , 0.31666667] [obj] 68.49776435747053
[Iteration] 25 [parameters] [-0.54166667, 0.57      ,-0.675     ,-0.325     , 0.57      ,-0.44833333, 1.05      , 1.35      , 0.31666667] [obj] 51.39364729109808
[Iteration] 26 [parameters] [-0.54166667, 0.57      ,-0.675     ,-0.325     , 0.57      ,-0.505     , 1.05      , 1.05      ,-0.41666667] [obj] 31.238023343592126
[Iteration] 27 [parameters] [-0.54166667, 0.57      ,-0.675     ,-0.325     , 0.57      ,-0.505     , 1.05      , 1.05      , 0.31666667] [obj] 61.034492770454676
[Iteration] 28 [parameters] [-0.54166667, 0.57      ,-0.73166667,-0.325     , 0.57      ,-0.505     , 1.05      , 1.35      , 0.31666667] [obj] 50.708437372974856
[Iteration] 29 [parameters] [-0.54166667, 0.57      ,-0.61833333,-0.325     , 0.57      ,-0.505     , 1.05      , 1.35      , 0.31666667] [obj] 53.96608791591662
[Iteration] 30 [parameters] [-0.54166667, 0.57      ,-0.675     ,-0.325     , 0.39666667,-0.505     , 1.05      , 1.05      , 0.31666667] [obj] 67.12589280529586
[Iteration] 31 [parameters] [-0.54166667, 0.57      ,-0.675     ,-0.325     , 0.74333333,-0.505     , 1.05      , 1.05      , 0.31666667] [obj] 64.7552406945009
[Iteration] 32 [parameters] [-0.54166667, 0.57      ,-0.675     ,-0.39722222, 0.57      ,-0.505     , 1.05      , 1.35      , 0.31666667] [obj] 67.66593113059636
[Iteration] 33 [parameters] [-0.54166667, 0.57      ,-0.675     ,-0.25277778, 0.57      ,-0.505     , 1.05      , 1.35      , 0.31666667] [obj] 71.76848034376633
[Iteration] 34 [parameters] [-0.54166667, 0.57      ,-0.675     ,-0.325     , 0.39666667,-0.505     , 1.05      , 1.05      ,-0.05      ] [obj] 39.93235003774461
[Iteration] 35 [parameters] [-0.54166667, 0.57      ,-0.675     ,-0.325     , 0.74333333,-0.505     , 1.05      , 1.05      ,-0.05      ] [obj] 44.26281865164625
[Iteration] 36 [parameters] [-0.54166667, 0.57      ,-0.675     ,-0.325     , 0.57      ,-0.505     , 1.05      , 1.25      , 0.31666667] [obj] 71.26328320074327
[Iteration] 37 [parameters] [-0.54166667, 0.57      ,-0.675     ,-0.325     , 0.57      ,-0.505     , 1.05      , 1.45      , 0.31666667] [obj] 60.25201788514024
[Iteration] 38 [parameters] [-0.54166667, 0.57      ,-0.335     ,-0.325     , 0.57      ,-0.505     , 1.05      , 0.75      ,-0.05      ] [obj] 35.85302827942628
[Iteration] 39 [parameters] [-0.54166667, 0.57      ,-0.335     ,-0.325     , 0.57      ,-0.505     , 1.05      , 1.35      ,-0.05      ] [obj] 38.20190465129784
[Iteration] 40 [parameters] [-0.54166667, 0.57      ,-0.675     ,-0.325     , 0.51222222,-0.505     , 1.05      , 1.35      , 0.31666667] [obj] 67.55124557226641
[Iteration] 41 [parameters] [-0.54166667, 0.57      ,-0.675     ,-0.325     , 0.62777778,-0.505     , 1.05      , 1.35      , 0.31666667] [obj] 70.38644678009408
[Iteration] 42 [parameters] [-0.54166667, 0.57      ,-0.335     ,-0.325     , 0.57      ,-0.505     , 1.05      , 1.35      ,-0.41666667] [obj] 35.13152546309738
[Iteration] 43 [parameters] [-0.54166667, 0.57      ,-0.335     ,-0.325     , 0.57      ,-0.505     , 1.05      , 1.35      , 0.31666667] [obj] 54.05319087161025
[Iteration] 44 [parameters] [-0.54166667, 0.57      ,-0.675     ,-0.325     , 0.57      ,-0.505     , 1.05      , 1.35      , 0.19444444] [obj] 58.60577202253063
[Iteration] 45 [parameters] [-0.54166667, 0.57      ,-0.675     ,-0.325     , 0.57      ,-0.505     , 1.05      , 1.35      , 0.43888889] [obj] 63.11480169560421
[Iteration] 46 [parameters] [-0.54166667, 0.57      ,-0.335     ,-0.325     , 0.39666667,-0.505     , 1.05      , 1.35      , 0.31666667] [obj] 42.20864061320481
[Iteration] 47 [parameters] [-0.54166667, 0.57      ,-0.335     ,-0.325     , 0.74333333,-0.505     , 1.05      , 1.35      , 0.31666667] [obj] 53.08634806341095
[Iteration] 48 [parameters] [-0.61388889, 0.57      ,-0.675     ,-0.325     , 0.57      ,-0.505     , 1.05      , 1.35      , 0.31666667] [obj] 66.27373555542651
[Iteration] 49 [parameters] [-0.46944444, 0.57      ,-0.675     ,-0.325     , 0.57      ,-0.505     , 1.05      , 1.35      , 0.31666667] [obj] 39.78572672899367
[Iteration] 50 [parameters] [-0.54166667, 0.57      ,-0.335     ,-0.325     , 0.39666667,-0.505     , 1.05      , 1.35      ,-0.05      ] [obj] 27.22257708611579
[Iteration] 51 [parameters] [-0.54166667, 0.57      ,-0.335     ,-0.325     , 0.74333333,-0.505     , 1.05      , 1.35      ,-0.05      ] [obj] 35.445096103594445
[Iteration] 52 [parameters] [-0.54166667, 0.51222222,-0.675     ,-0.325     , 0.57      ,-0.505     , 1.05      , 1.35      , 0.31666667] [obj] 74.45850995877127
[Iteration] 53 [parameters] [-0.54166667, 0.62777778,-0.675     ,-0.325     , 0.57      ,-0.505     , 1.05      , 1.35      , 0.31666667] [obj] 71.46942686255153
[Iteration] 54 [parameters] [-0.54166667, 0.57      ,-0.335     ,-0.325     , 0.57      ,-0.505     , 1.05      , 1.05      ,-0.41666667] [obj] 34.09645200627141
[Iteration] 55 [parameters] [-0.54166667, 0.57      ,-0.335     ,-0.325     , 0.57      ,-0.505     , 1.05      , 1.05      , 0.31666667] [obj] 50.41809418732942
[Iteration] 56 [parameters] [-0.54166667, 0.51222222,-0.675     ,-0.325     , 0.57      ,-0.505     , 1.05      , 1.31666667, 0.31666667] [obj] 62.645897450786826
[Iteration] 57 [parameters] [-0.54166667, 0.51222222,-0.675     ,-0.325     , 0.57      ,-0.505     , 1.05      , 1.38333333, 0.31666667] [obj] 47.1139887346844
[Iteration] 58 [parameters] [-0.54166667, 0.51222222,-0.675     ,-0.25277778, 0.57      ,-0.505     , 1.05      , 1.35      , 0.31666667] [obj] 68.52679867603507
[Iteration] 59 [parameters] [-0.54166667, 0.62777778,-0.675     ,-0.25277778, 0.57      ,-0.505     , 1.05      , 1.35      , 0.31666667] [obj] 71.0295569362987
[Iteration] 60 [parameters] [-0.54166667, 0.57      ,-0.335     ,-0.325     , 0.39666667,-0.505     , 1.05      , 1.05      , 0.31666667] [obj] 41.009523256489175
[Iteration] 61 [parameters] [-0.54166667, 0.57      ,-0.335     ,-0.325     , 0.74333333,-0.505     , 1.05      , 1.05      , 0.31666667] [obj] 43.85488647581441
[Iteration] 62 [parameters] [-0.54166667, 0.51222222,-0.675     ,-0.34907407, 0.57      ,-0.505     , 1.05      , 1.35      , 0.31666667] [obj] 59.67278322977759
[Iteration] 63 [parameters] [-0.54166667, 0.51222222,-0.675     ,-0.30092593, 0.57      ,-0.505     , 1.05      , 1.35      , 0.31666667] [obj] 56.74322048661517
[Iteration] 64 [parameters] [-0.61388889, 0.57      ,-0.675     ,-0.25277778, 0.57      ,-0.505     , 1.05      , 1.35      , 0.31666667] [obj] 76.00168399047675
[Iteration] 65 [parameters] [-0.46944444, 0.57      ,-0.675     ,-0.25277778, 0.57      ,-0.505     , 1.05      , 1.35      , 0.31666667] [obj] 41.72667092503339
[Iteration] 66 [parameters] [-0.54166667, 0.57      ,-0.335     ,-0.325     , 0.39666667,-0.505     , 1.05      , 1.05      ,-0.05      ] [obj] 33.07879914058417
[Iteration] 67 [parameters] [-0.54166667, 0.57      ,-0.335     ,-0.325     , 0.74333333,-0.505     , 1.05      , 1.05      ,-0.05      ] [obj] 32.775390511584696
[Iteration] 68 [parameters] [-0.61388889, 0.57      ,-0.675     ,-0.25277778, 0.51222222,-0.505     , 1.05      , 1.35      , 0.31666667] [obj] 80.86057720225305
[Iteration] 69 [parameters] [-0.61388889, 0.57      ,-0.675     ,-0.25277778, 0.62777778,-0.505     , 1.05      , 1.35      , 0.31666667] [obj] 47.28238778235875
[Iteration] 70 [parameters] [-0.54166667, 0.57      ,-0.335     ,-0.325     , 0.57      ,-0.505     , 1.05      , 0.75      ,-0.41666667] [obj] 25.519714302305324
[Iteration] 71 [parameters] [-0.54166667, 0.57      ,-0.335     ,-0.325     , 0.57      ,-0.505     , 1.05      , 0.75      , 0.31666667] [obj] 38.892921433133964
[Iteration] 72 [parameters] [-0.61388889, 0.57      ,-0.675     ,-0.25277778, 0.51222222,-0.505     , 1.05      , 1.35      , 0.19444444] [obj] 70.57226641890715
[Iteration] 73 [parameters] [-0.61388889, 0.57      ,-0.675     ,-0.25277778, 0.51222222,-0.505     , 1.05      , 1.35      , 0.43888889] [obj] 51.342837233610126
[Iteration] 74 [parameters] [-0.54166667, 0.57      ,-0.335     ,-0.325     , 0.39666667,-0.505     , 1.05      , 0.75      , 0.31666667] [obj] 37.332326810289764
[Iteration] 75 [parameters] [-0.54166667, 0.57      ,-0.335     ,-0.325     , 0.74333333,-0.505     , 1.05      , 0.75      , 0.31666667] [obj] 40.0601010394286
[Iteration] 76 [parameters] [-0.61388889, 0.57      ,-0.675     ,-0.25277778, 0.51222222,-0.505     , 1.05      , 1.25      , 0.31666667] [obj] 73.84878926891587
[Iteration] 77 [parameters] [-0.61388889, 0.57      ,-0.675     ,-0.25277778, 0.51222222,-0.505     , 1.05      , 1.45      , 0.31666667] [obj] 68.99715463678068
[Iteration] 78 [parameters] [-0.54166667, 0.57      ,-0.335     ,-0.325     , 0.39666667,-0.505     , 1.05      , 0.75      ,-0.05      ] [obj] 26.409616166308574
[Iteration] 79 [parameters] [-0.54166667, 0.57      ,-0.335     ,-0.325     , 0.74333333,-0.505     , 1.05      , 0.75      ,-0.05      ] [obj] 26.89158585447999
[Iteration] 80 [parameters] [-0.61388889, 0.57      ,-0.675     ,-0.25277778, 0.51222222,-0.52388889, 1.05      , 1.35      , 0.31666667] [obj] 71.96591371000522
[Iteration] 81 [parameters] [-0.61388889, 0.57      ,-0.675     ,-0.25277778, 0.51222222,-0.48611111, 1.05      , 1.35      , 0.31666667] [obj] 76.21798966378259
[Iteration] 82 [parameters] [-0.61388889, 0.57      ,-0.675     ,-0.25277778, 0.57      ,-0.505     , 1.05      , 1.25      , 0.31666667] [obj] 83.2994599616747
[Iteration] 83 [parameters] [-0.61388889, 0.57      ,-0.675     ,-0.25277778, 0.57      ,-0.505     , 1.05      , 1.45      , 0.31666667] [obj] 88.61274025898612
[Iteration] 84 [parameters] [-0.54166667, 0.57      ,-0.335     ,-0.325     , 0.39666667,-0.505     , 1.05      , 1.35      ,-0.41666667] [obj] 26.89158585447999
[Iteration] 85 [parameters] [-0.54166667, 0.57      ,-0.335     ,-0.325     , 0.74333333,-0.505     , 1.05      , 1.35      ,-0.41666667] [obj] 32.859590035421874
[Iteration] 86 [parameters] [-0.61388889, 0.57      ,-0.675     ,-0.25277778, 0.57      ,-0.505     , 1.05      , 1.45      , 0.19444444] [obj] 92.31026072818071
[Iteration] 87 [parameters] [-0.61388889, 0.57      ,-0.675     ,-0.25277778, 0.57      ,-0.505     , 1.05      , 1.45      , 0.43888889] [obj] 52.37645897450787
[Iteration] 88 [parameters] [-0.54166667, 0.57      ,-0.675     ,-0.325     , 0.39666667,-0.505     , 1.05      , 1.35      ,-0.41666667] [obj] 33.8874049126067
[Iteration] 89 [parameters] [-0.54166667, 0.57      ,-0.675     ,-0.325     , 0.74333333,-0.505     , 1.05      , 1.35      ,-0.41666667] [obj] 33.53173451019104
[Iteration] 90 [parameters] [-0.61388889, 0.57      ,-0.675     ,-0.25277778, 0.57      ,-0.505     , 1.05      , 1.45      , 0.1537037 ] [obj] 82.17002496951396
[Iteration] 91 [parameters] [-0.61388889, 0.57      ,-0.675     ,-0.25277778, 0.57      ,-0.505     , 1.05      , 1.45      , 0.23518519] [obj] 61.84164682654898
[Iteration] 92 [parameters] [-0.61388889, 0.57      ,-0.675     ,-0.25277778, 0.57      ,-0.505     , 1.05      , 1.25      , 0.19444444] [obj] 66.289704430637
[Iteration] 93 [parameters] [-0.61388889, 0.57      ,-0.675     ,-0.25277778, 0.57      ,-0.505     , 1.05      , 1.25      , 0.43888889] [obj] 83.75239533128158
[Iteration] 94 [parameters] [-0.54166667, 0.57      ,-0.335     ,-0.325     , 0.39666667,-0.505     , 1.05      , 1.05      ,-0.41666667] [obj] 19.734626328320072
[Iteration] 95 [parameters] [-0.54166667, 0.57      ,-0.335     ,-0.325     , 0.74333333,-0.505     , 1.05      , 1.05      ,-0.41666667] [obj] 25.489228267812553
[Iteration] 96 [parameters] [-0.63796296, 0.57      ,-0.675     ,-0.25277778, 0.57      ,-0.505     , 1.05      , 1.45      , 0.19444444] [obj] 87.49491899425121
[Iteration] 97 [parameters] [-0.58981481, 0.57      ,-0.675     ,-0.25277778, 0.57      ,-0.505     , 1.05      , 1.45      , 0.19444444] [obj] 50.09726496719122
[Iteration] 98 [parameters] [-0.54166667, 0.57      ,-0.505     ,-0.325     , 0.57      ,-0.505     , 1.05      , 1.05      ,-0.41666667] [obj] 22.018175483421405
[Iteration] 99 [parameters] [-0.54166667, 0.57      ,-0.505     ,-0.325     , 0.57      ,-0.505     , 1.05      , 1.05      , 0.31666667] [obj] 57.984437605249404
[Iteration] 100 [parameters] [-0.61388889, 0.57      ,-0.675     ,-0.25277778, 0.57      ,-0.505     , 1.01666667, 1.45      , 0.19444444] [obj] 86.19272980663143
