NLOPT CRS2
# Define the right impedance controller
Kq_mat = np.diag( [ 15.0, 15.0, 8.0, 10.0, 3.0, 12.0, 1.5 ]  )
Bq_mat = 0.2 * Kq_mat
lb    = np.array( [ -0.80, 0.20, -0.85, -0.10, 0.20, -0.85, 0.6, 0.6, -0.7 ] )
ub    = np.array( [  0.00, 1.00,  0.85,  0.10, 1.00,  0.85, 1.5, 1.5,  0.7 ] )
n_opt = 9

Interesting movements
[Iteration] 4 [parameters] [-0.77399771, 0.93596239, 0.83344725, 0.093685  , 0.41859367,-0.13693171, 0.94573251, 0.87926156, 0.17795748]
[Iteration] 6 [parameters] [-0.75190201, 0.34970681, 0.73824876,-0.0994195 , 0.62740845,-0.64370246, 0.88866062, 0.97289829,-0.27913933]                                                                   


# 54 Iterations
# 
[Iteration] 1 [parameters] [-0.385 , 0.665 ,-0.0425,-0.0325, 0.665 , 0.425 , 1.19  , 1.19  ,-0.025 ]                                                                                                       
 [all_vals] [0.80158527,0.        ,0.91025313]                                                                                                                                                             
 [obj] 0.9102531321912555         
[Iteration] 2 [parameters] [-0.26640141, 0.90354877,-0.4227799 ,-0.12633459, 0.89783463, 0.26694968, 0.93038748, 0.98175423, 0.20469354]                                                         [140/1138]
 [all_vals] [0.,0.,0.]                                                                                                                                                                                     
 [obj] 0.0                                                                                                                                                                                                 
[Iteration] 3 [parameters] [-0.4728568 , 0.5202298 ,-0.25821498,-0.11683618, 0.55917603, 0.09430813, 0.8138248 , 0.81613469, 0.31726371]                                                                   
 [all_vals] [55.36563539,70.18090003,59.69445155]                                                                                                                                                          
 [obj] 70.1809000255689                                                                                                                                                                                    
[Iteration] 4 [parameters] [-0.29967244, 0.96779529, 0.44805294, 0.06386972, 0.62446602, 0.38833445, 1.09541896, 1.14757371,-0.17828677]                                                                   
 [all_vals] [0.,0.,0.]                                                                                                                                                                                     
 [obj] 0.0                                                                                                                                                                                                 
[Iteration] 5 [parameters] [-0.01593073, 0.57792454, 0.75576445,-0.08905091, 0.41517446, 0.31445267, 1.16290329, 0.83854932, 0.32700492]                                                                   
 [all_vals] [0.,0.,0.]                                                                                                                                                                                     
 [obj] 0.0                                                                                                                                                                                                 
[Iteration] 6 [parameters] [-0.59834324, 0.36222031, 0.05509821,-0.01220999, 0.61104281, 0.68320865, 1.07484429, 1.35844156,-0.14375835]                                                                   
 [all_vals] [3.0433393 ,4.61390949,1.92342112]                                                                                                                                                             
 [obj] 4.613909486064945                                                                                                                                                                                   
[Iteration] 7 [parameters] [-0.33874646, 0.48714298,-0.01773992,-0.12388417, 0.89766773, 0.00373333, 1.06642723, 0.85736382,-0.43137817]                                                                   
 [all_vals] [0.00127845,0.        ,0.        ]                                                                                                                                                             
 [obj] 0.0012784454103809768                                                                                                                                                                               
^[[C[Iteration] 8 [parameters] [-0.35611773, 0.43607043, 0.24137116, 0.02542137, 0.58969389, 0.67100601, 0.86286621, 1.42677963, 0.42926894]                                                               
 [all_vals] [29.58834058,43.1954743 ,37.75504986]                                                                                                                                                          
 [obj] 43.19547430324725                                                                                                                                                                                   
[Iteration] 9 [parameters] [-0.39927342, 0.8266115 , 0.03811502, 0.02802698, 0.66703307, 0.21507799, 0.96503096, 1.1470108 ,-0.49553617]                                                                   
 [all_vals] [0.,0.,0.]                                                                                                                                                                                     
 [obj] 0.0
[Iteration] 10 [parameters] [-0.43557571, 0.94274635,-0.37143924, 0.0516453 , 0.40745396, 0.77909882, 1.42958183, 0.97911785, 0.39681564]                                                                  
 [all_vals] [35.40462797,34.9379954 ,46.81986704]                                                                                                                                                          
 [obj] 46.81986704167732                                                                                                                                                                                   
[Iteration] 11 [parameters] [-0.31531674, 0.32150905, 0.55468661,-0.08534431, 0.93181542, 0.48661224, 0.90912194, 0.90135807,-0.16021553]                                                                  
 [all_vals] [0.,0.,0.]                                                                                                                                                                                     
 [obj] 0.0                                                                                                                                                                                                 
[Iteration] 12 [parameters] [-0.37269476, 0.7993706 ,-0.84349939, 0.03594758, 0.56526316, 0.52118364, 1.26497336, 0.80673132,-0.01783825]                                                                  
 [all_vals] [ 0.        , 0.4672718 ,37.55241626]                                                                                                                                                          
 [obj] 37.55241626182562                                                                                                                                                                                   
[Iteration] 13 [parameters] [-0.33264786, 0.63093024,-0.10161266,-0.09345225, 0.76397738, 0.25577651, 0.97774143, 1.29539441,-0.35827299]                                                                  
 [all_vals] [0.,0.,0.]                                                                                                                                                                                     
 [obj] 0.0                                                                                                                                                                                                 
[Iteration] 14 [parameters] [-0.1577402 , 0.5048781 ,-0.30658802,-0.09861808, 0.7519398 , 0.71530973, 0.97656537, 1.02223182, 0.41530935]                                                                  
 [all_vals] [0.,0.,0.]                                                                                                                                                                                     
 [obj] 0.0                                                                                                                                                                                                 
[Iteration] 15 [parameters] [-0.39661246, 0.37843582, 0.2476323 ,-0.12680288, 0.8420683 , 0.30079794, 1.16330352, 1.13388275, 0.31293674]                                                                  
 [all_vals] [55.79135771,57.08450524,54.72193812]                                                                                                                                                          
 [obj] 57.08450524162618                                                                                                                                                                                   
[Iteration] 16 [parameters] [-0.35959348, 0.50523764,-0.4179352 , 0.00338106, 0.74157634, 0.63597645, 0.98256117, 1.22025192,-0.233256  ]                                                                  
 [all_vals] [0.,0.,0.]
 [obj] 0.0
[Iteration] 17 [parameters] [-0.62364576, 0.54938916,-0.40599367, 0.05585088, 0.46221872, 0.61464709, 1.46265485, 0.81449088,-0.02961066]                                                                  
 [all_vals] [3.90501151,1.8863462 ,0.        ]                                                                                                                                                             
 [obj] 3.905011506008693                                                                                                                                                                                   
[Iteration] 18 [parameters] [-0.01439611, 0.42597777,-0.74482904,-0.0627614 , 0.65492368, 0.63332622, 1.30722408, 1.02583751,-0.10883064]                                                                  
 [all_vals] [0.,0.,0.]                                                                                                                                                                                     
 [obj] 0.0                                                                                                                                                                                                 
[Iteration] 19 [parameters] [-0.50277019, 0.47402941, 0.1608056 , 0.08636247, 0.42444359, 0.61807545, 1.33120556, 1.0575784 ,-0.11128996]                                                                  
 [all_vals] [48.23574533,59.82804909,47.27499361]                                                                                                                                                          
 [obj] 59.82804909230376                                                                                                                                                                                   
[Iteration] 20 [parameters] [-0.40130761, 0.50256259, 0.66138808, 0.05656618, 0.51936925, 0.84579732, 1.28136677, 0.9917498 ,-0.1995545 ]                                                                  
 [all_vals] [0.,0.,0.]                                                                                                                                                                                     
 [obj] 0.0                                                                                                                                                                                                 
[Iteration] 21 [parameters] [-0.32922633, 0.58121978, 0.76473489,-0.10190658, 0.4168064 , 0.60305468, 1.25971761, 1.22266983,-0.1668218 ]                                                                  
 [all_vals] [0.,0.,0.]                                                                                                                                                                                     
 [obj] 0.0                                                                                                                                                                                                 
[Iteration] 22 [parameters] [-0.62285457, 0.47460036,-0.26877219, 0.0999037 , 0.9074347 , 0.29927848, 1.1212197 , 1.00743508,-0.31409919]                                                                  
 [all_vals] [0.,0.,0.]                                                                                                                                                                                     
 [obj] 0.0                                                                                                                                                                                                 
[Iteration] 23 [parameters] [-0.51448159, 0.67295399, 0.36100155,-0.08505416, 0.71407154, 0.64267899, 1.03810026, 1.34111159, 0.16927792]                                                                  
 [all_vals] [39.45154692,40.6532856 ,42.72372795]                                                                                                                                                          
 [obj] 42.723727946816666                                                                                                                                                                                  
[Iteration] 24 [parameters] [-0.30917063, 0.87519264, 0.66303724,-0.12423246, 0.43947765, 0.77971485, 1.20398706, 1.43651517, 0.46176569]                                                                  
 [all_vals] [0.,0.,0.]
 [obj] 0.0
[Iteration] 25 [parameters] [-0.02647204, 0.99117105,-0.09902863,-0.09465079, 0.31003873, 0.7184559 , 1.06420838, 1.45304384, 0.3887595 ]                                                                  
 [all_vals] [0.,0.,0.]                                                                                                                                                                                     
 [obj] 0.0                                                                                                                                                                                                 
[Iteration] 26 [parameters] [-0.22848871, 0.33534625,-0.31879644, 0.07349289, 0.98664157, 0.35753054, 1.07016025, 1.40449579, 0.3977705 ]                                                                  
 [all_vals] [0.,0.,0.]                                                                                                                                                                                     
 [obj] 0.0                                                                                                                                                                                                 
[Iteration] 27 [parameters] [-0.67942377, 0.75229811, 0.19144095,-0.0142567 , 0.46755277, 0.11807692, 0.97052687, 1.00418799, 0.02119427]                                                                  
 [all_vals] [72.33188443,72.16312963,74.90795193]                                                                                                                                                          
 [obj] 74.90795193045257                                                                                                                                                                                   
[Iteration] 28 [parameters] [-0.00025852, 0.83910676, 0.09239472,-0.0731561 , 0.72913006, 0.15162716, 0.85862293, 0.9640288 ,-0.14804944]                                                                  
 [all_vals] [0.,0.,0.]                                                                                                                                                                                     
 [obj] 0.0                                                                                                                                                                                                 
[Iteration] 29 [parameters] [-0.06497797, 0.33941851,-0.56778892, 0.03879682, 0.46458589, 0.65538908, 1.40446548, 1.4434461 ,-0.14236678]                                                                  
 [all_vals] [0.,0.,0.]                                                                                                                                                                                     
 [obj] 0.0                                                                                                                                                                                                 
[Iteration] 30 [parameters] [-0.47546143, 0.43980212, 0.25607501,-0.04892384, 0.89391507, 0.2434988 , 1.39709348, 0.84092823,-0.2000698 ]                                                                  
 [all_vals] [ 7.70646893,29.38506776,29.52889287]                                                                                                                                                          
 [obj] 29.52889286627461                                                                                                                                                                                   
[Iteration] 31 [parameters] [-0.11491118, 0.51854155,-0.13331705, 0.00802605, 0.55208848, 0.05453634, 0.8770838 , 0.99761221, 0.35657042]                                                                  
 [all_vals] [0.,0.,0.]                                                                                                                                                                                     
 [obj] 0.0      
[Iteration] 32 [parameters] [-0.04603356, 0.61333584,-0.76175253, 0.04577809, 0.32871972, 0.11359365, 0.84770396, 1.25954481,-0.2691544 ]                                                                  
 [all_vals] [0.00063922,0.        ,0.        ]                                                                                                                                                             
 [obj] 0.0006392227051904884                                                                                                                                                                               
[Iteration] 33 [parameters] [-0.29463456, 0.6402171 , 0.62185291,-0.02639879, 0.46031986, 0.14798159, 1.27006358, 1.26780072,-0.35295397]                                                                  
 [all_vals] [0.,0.,0.]                                                                                                                                                                                     
 [obj] 0.0                                                                                                                                                                                                 
[Iteration] 34 [parameters] [-0.68700833, 0.45339157, 0.27286529,-0.08461146, 0.58439082, 0.57202039, 0.93157894, 1.29131584, 0.0383942 ]                                                                  
 [all_vals] [2.18678087,2.39708514,3.03694707]                                                                                                                                                             
 [obj] 3.03694707236001                                                                                                                                                                                    
[Iteration] 35 [parameters] [-0.55875823, 0.95526418,-0.78110916,-0.03696654, 0.4019533 , 0.14320399, 0.88591795, 1.49068505, 0.3730797 ]                                                                  
 [all_vals] [57.38685758,56.33086167,58.00306827]                                                                                                                                                          
 [obj] 58.00306826898491                                                                                                                                                                                   
[Iteration] 36 [parameters] [-0.37139069, 0.49192338,-0.71817482, 0.02134323, 0.86268206, 0.08114978, 0.88772537, 0.90974822,-0.09811867]                                                                  
 [all_vals] [0.,0.,0.]                                                                                                                                                                                     
 [obj] 0.0                                                                                                                                                                                                 
[Iteration] 37 [parameters] [-0.48977383, 0.44564219, 0.19704167, 0.05119103, 0.83933301, 0.0793881 , 0.99160182, 1.08052514, 0.45515006]                                                                  
 [all_vals] [0.,0.,0.]                                                                                                                                                                                     
 [obj] 0.0                                                                                                                                                                                                 
[Iteration] 38 [parameters] [-0.16070004, 0.9989911 , 0.7435753 ,-0.10463   , 0.77136384, 0.66684198, 1.4721442 , 1.49421161,-0.2681824 ]                                                                  
 [all_vals] [0.,0.,0.]                                                                                                                                                                                     
 [obj] 0.0                                                                                                                                                                                                 
[Iteration] 39 [parameters] [-0.12379417, 0.85292923,-0.35898516, 0.04360475, 0.67272751, 0.52860489, 1.42844278, 1.17895281,-0.06977624]                                                                  
 [all_vals] [0.,0.,0.]     
[Iteration] 40 [parameters] [-0.38532241, 0.75837758,-0.49292434,-0.12836625, 0.44295193, 0.28789549, 1.08545437, 1.13524984,-0.24041182]                                                                  
 [all_vals] [0.        ,0.        ,0.00063922]                                                                                                                                                             
 [obj] 0.0006392227051904884                                                                                                                                                                               
[Iteration] 41 [parameters] [-0.46978712, 0.6364848 , 0.71937365,-0.11886868, 0.61001926, 0.61902134, 1.08179217, 0.92722625,-0.4189705 ]                                                                  
 [all_vals] [0.        ,0.00127845,0.00127845]                                                                                                                                                             
 [obj] 0.0012784454103809768                                                                                                                                                                               
[Iteration] 42 [parameters] [-0.63635851, 0.98292771,-0.65618665, 0.01833605, 0.45392619, 0.23276391, 0.9675004 , 1.24431383, 0.21167014]                                                                  
 [all_vals] [70.4953976 ,71.61659422,66.47788289]                                                                                                                                                          
 [obj] 71.61659422142674                                                                                                                                                                                   
[Iteration] 43 [parameters] [-0.56528809, 0.74416682, 0.13854024,-0.05474958, 0.91409432, 0.40058377, 1.2065107 , 1.2784149 , 0.39440317]                                                                  
 [all_vals] [0.55676298,1.31360266,0.99526975]                                                                                                                                                             
 [obj] 1.3136026591664536                                                                                                                                                                                  
[Iteration] 44 [parameters] [-0.58165376, 0.4660653 ,-0.50167154,-0.01098361, 0.39502483, 0.41290945, 1.39673122, 0.90142349, 0.18628362]                                                                  
 [all_vals] [54.11979033,53.4064178 ,50.03068269]                                                                                                                                                          
 [obj] 54.1197903349527                                                                                                                                                                                    
[Iteration] 45 [parameters] [-0.38984582, 0.77630638,-0.20825763, 0.01427407, 0.7783085 , 0.76482933, 1.38238336, 0.86849611, 0.26987854]                                                                  
 [all_vals] [0.,0.,0.]                                                                                                                                                                                     
 [obj] 0.0                                                                                                                                                                                                 
[Iteration] 46 [parameters] [-0.47739321, 0.58877478,-0.23002966,-0.04454176, 0.43022301, 0.26960567, 1.24902688, 1.11997684, 0.38624749]                                                                  
 [all_vals] [64.90795193,65.53247251,56.66964971]                                                                                                                                                          
 [obj] 65.53247251342368  
[Iteration] 47 [parameters] [-0.19539761, 0.50304525,-0.47309464,-0.1057683 , 0.61226639, 0.63351725, 1.17019089, 1.26179103, 0.22087915]                                                                  
 [all_vals] [45.91728458,41.20813091,43.5783687 ]                                                                                                                                                          
 [obj] 45.91728458194835                                                                                                                                                                                   
[Iteration] 48 [parameters] [-0.52165133, 0.84328081, 0.37064483, 0.07599221, 0.51613144, 0.42671355, 1.18653749, 1.42382789,-0.33895078]                                                                  
 [all_vals] [0.00063922,0.        ,0.        ]                                                                                                                                                             
 [obj] 0.0006392227051904884                                                                                                                                                                               
[Iteration] 49 [parameters] [-0.33101679, 0.58668475, 0.53955558,-0.08019434, 0.39649807, 0.06241548, 1.40578416, 0.84779283,-0.38450642]
 [all_vals] [35.04474559,41.26310407,36.86461263]
 [obj] 41.26310406545641
[Iteration] 50 [parameters] [-0.50895439, 0.64145603,-0.23280494,-0.06729124, 0.91614201, 0.71972007, 1.07769399, 1.24526133,-0.41529769]
 [all_vals] [0.,0.,0.]
 [obj] 0.0
[Iteration] 51 [parameters] [-0.09790838, 0.76825056,-0.47100521,-0.10372554, 0.85484989, 0.45849257, 0.84200454, 1.40357065,-0.45493575]
 [all_vals] [0.,0.,0.]
 [obj] 0.0
[Iteration] 52 [parameters] [-0.21309446, 0.96924216,-0.45315473,-0.14594765, 0.57504354, 0.16147709, 1.41925301, 0.90939085, 0.45426117]
 [all_vals] [0.,0.,0.]
 [obj] 0.0
[Iteration] 53 [parameters] [-0.56593282, 0.97615804,-0.78258096,-0.11408163, 0.56383628, 0.61001794, 1.10009613, 1.40941147,-0.08332856]
 [all_vals] [59.81079008,54.04308361,63.15520327]
 [obj] 63.155203272820245
[Iteration] 54 [parameters] [-0.43570188, 0.57136442,-0.10571918,-0.14071978, 0.40138865, 0.25523924, 1.44272991, 0.82476995,-0.28604804]
 [all_vals] [59.74303247,56.52646382,57.23344413]
 [obj] 59.74303247251343
