[Iteration] 0 [parameters] [-0.25  1.    0.    0.95  0.95  0.5 ] [obj] 0.11141358615108102
[Iteration] 1 [parameters] [-0.55  1.    0.    0.95  0.95  0.5 ] [obj] 0.12612858809556343
[Iteration] 2 [parameters] [0.05 1.   0.   0.95 0.95 0.5 ] [obj] 0.11982215869078526
[Iteration] 3 [parameters] [-0.25        0.66666667  0.          0.95        0.95        0.5       ] [obj] 0.12612858809556343
[Iteration] 4 [parameters] [-0.25        1.33333333  0.          0.95        0.95        0.5       ] [obj] 0.13769037533765674
[Iteration] 5 [parameters] [-0.25        1.         -0.86666667  0.95        0.95        0.5       ] [obj] 12.653850600687399
[Iteration] 6 [parameters] [-0.25        1.          0.86666667  0.95        0.95        0.5       ] [obj] 0.14925216257975005
[Iteration] 7 [parameters] [-0.25        1.          0.          0.51666667  0.95        0.5       ] [obj] 0.1429457331749719
[Iteration] 8 [parameters] [-0.25        1.          0.          1.38333333  0.95        0.5       ] [obj] 0.15240537728213913
[Iteration] 9 [parameters] [-0.25        1.          0.          0.95        0.51666667  0.5       ] [obj] 0.15660966355199127
[Iteration] 10 [parameters] [-0.25        1.          0.          0.95        1.38333333  0.5       ] [obj] 0.16081394982184338
[Iteration] 11 [parameters] [-0.25        1.          0.          0.95        0.95        0.16666667] [obj] 0.16081394982184338
[Iteration] 12 [parameters] [-0.25        1.          0.          0.95        0.95        0.83333333] [obj] 0.17027359392901065
[Iteration] 13 [parameters] [-0.55        1.         -0.86666667  0.95        0.95        0.5       ] [obj] 20.812268107335427
[Iteration] 14 [parameters] [ 0.05        1.         -0.86666667  0.95        0.95        0.5       ] [obj] 0.1723757370639367
[Iteration] 15 [parameters] [-0.25        0.66666667 -0.86666667  0.95        0.95        0.5       ] [obj] 13.674441092694
[Iteration] 16 [parameters] [-0.25        1.33333333 -0.86666667  0.95        0.95        0.5       ] [obj] 0.1881418105758821
[Iteration] 17 [parameters] [-0.25        1.         -0.86666667  0.51666667  0.95        0.5       ] [obj] 0.19024395371080816
[Iteration] 18 [parameters] [-0.25        1.         -0.86666667  1.38333333  0.95        0.5       ] [obj] 5.835549342554735
[Iteration] 19 [parameters] [-0.25        1.         -0.86666667  0.95        0.51666667  0.5       ] [obj] 0.19970359781797542
[Iteration] 20 [parameters] [-0.25        1.         -0.86666667  0.95        1.38333333  0.5       ] [obj] 4.7739670594170756
[Iteration] 21 [parameters] [-0.25        1.         -0.86666667  0.95        0.95        0.16666667] [obj] 9.105432988932217
[Iteration] 22 [parameters] [-0.25        1.         -0.86666667  0.95        0.95        0.83333333] [obj] 0.7809461746250302
[Iteration] 23 [parameters] [-0.55        0.66666667 -0.86666667  0.95        0.95        0.5       ] [obj] 38.59429688567494
[Iteration] 24 [parameters] [-0.55        1.33333333 -0.86666667  0.95        0.95        0.5       ] [obj] 20.295140896143618
[Iteration] 25 [parameters] [-0.55        1.         -0.86666667  0.51666667  0.95        0.5       ] [obj] 21.010920633585943
[Iteration] 26 [parameters] [-0.55        1.         -0.86666667  1.38333333  0.95        0.5       ] [obj] 24.280804279963423
[Iteration] 27 [parameters] [-0.55        1.         -0.86666667  0.95        0.51666667  0.5       ] [obj] 22.583323698510632
[Iteration] 28 [parameters] [-0.55        1.         -0.86666667  0.95        1.38333333  0.5       ] [obj] 21.228492448050787
[Iteration] 29 [parameters] [-0.55        1.         -0.86666667  0.95        0.95        0.16666667] [obj] 23.362167730000735
[Iteration] 30 [parameters] [-0.55        1.         -0.86666667  0.95        0.95        0.83333333] [obj] 15.465467043651001
[Iteration] 31 [parameters] [-0.55        0.66666667 -0.86666667  0.51666667  0.95        0.5       ] [obj] 30.904657298115428
[Iteration] 32 [parameters] [-0.55        0.66666667 -0.86666667  1.38333333  0.95        0.5       ] [obj] 59.25941497356555
[Iteration] 33 [parameters] [-0.55        0.66666667 -0.86666667  0.95        0.51666667  0.5       ] [obj] 25.600950168696983
[Iteration] 34 [parameters] [-0.55        0.66666667 -0.86666667  0.95        1.38333333  0.5       ] [obj] 31.11066732533818
[Iteration] 35 [parameters] [-0.55        0.66666667 -0.86666667  0.95        0.95        0.16666667] [obj] 46.459465425000786
[Iteration] 36 [parameters] [-0.55        0.66666667 -0.86666667  0.95        0.95        0.83333333] [obj] 28.86032309939984
[Iteration] 37 [parameters] [-0.55        0.66666667 -0.86666667  1.38333333  0.51666667  0.5       ] [obj] 20.97623527185966
[Iteration] 38 [parameters] [-0.55        0.66666667 -0.86666667  1.38333333  1.38333333  0.5       ] [obj] 26.911636413323382
[Iteration] 39 [parameters] [-0.55        0.66666667 -0.86666667  1.38333333  0.95        0.16666667] [obj] 17.813560925363408
[Iteration] 40 [parameters] [-0.55        0.66666667 -0.86666667  1.38333333  0.95        0.83333333] [obj] 21.88541217771518
[Iteration] 41 [parameters] [-0.65        0.66666667 -0.86666667  1.38333333  0.95        0.5       ] [obj] 44.02518367475641
[Iteration] 42 [parameters] [-0.45        0.66666667 -0.86666667  1.38333333  0.95        0.5       ] [obj] 30.54519082204307
[Iteration] 43 [parameters] [-0.55        0.55555556 -0.86666667  1.38333333  0.95        0.5       ] [obj] 34.4078788324697
[Iteration] 44 [parameters] [-0.55        0.77777778 -0.86666667  1.38333333  0.95        0.5       ] [obj] 25.0007883036756
[Iteration] 45 [parameters] [-0.55        0.66666667 -1.15555556  1.38333333  0.95        0.5       ] [obj] 0.3279343290484649
[Iteration] 46 [parameters] [-0.55        0.66666667 -0.57777778  1.38333333  0.95        0.5       ] [obj] 14.297726532199578
[Iteration] 47 [parameters] [-0.55        0.66666667 -0.86666667  1.23888889  0.95        0.5       ] [obj] 15.532735623968636
[Iteration] 48 [parameters] [-0.55        0.66666667 -0.86666667  1.52777778  0.95        0.5       ] [obj] 22.924921957936114
[Iteration] 49 [parameters] [-0.55        0.66666667 -0.86666667  1.38333333  0.80555556  0.5       ] [obj] 17.725270913696516
[Iteration] 50 [parameters] [-0.55        0.66666667 -0.86666667  1.38333333  1.09444444  0.5       ] [obj] 27.983729412135673
[Iteration] 51 [parameters] [-0.55        0.66666667 -0.86666667  1.38333333  0.95        0.38888889] [obj] 22.536025477974793
[Iteration] 52 [parameters] [-0.55        0.66666667 -0.86666667  1.38333333  0.95        0.61111111] [obj] 17.625419114787526
[Iteration] 53 [parameters] [-0.55        0.66666667 -0.86666667  0.95        0.51666667  0.16666667] [obj] 40.27390925048087
[Iteration] 54 [parameters] [-0.55        0.66666667 -0.86666667  0.95        1.38333333  0.16666667] [obj] 41.30711260129702
[Iteration] 55 [parameters] [-0.58333333  0.66666667 -0.86666667  1.38333333  0.95        0.5       ] [obj] 25.512660157030094
[Iteration] 56 [parameters] [-0.51666667  0.66666667 -0.86666667  1.38333333  0.95        0.5       ] [obj] 13.004908504220053
[Iteration] 57 [parameters] [-0.55        0.62962963 -0.86666667  1.38333333  0.95        0.5       ] [obj] 21.67940215049243
[Iteration] 58 [parameters] [-0.55        0.7037037  -0.86666667  1.38333333  0.95        0.5       ] [obj] 20.406554482294702
[Iteration] 59 [parameters] [-0.55        0.66666667 -0.96296296  1.38333333  0.95        0.5       ] [obj] 28.407311253823273
[Iteration] 60 [parameters] [-0.55        0.66666667 -0.77037037  1.38333333  0.95        0.5       ] [obj] 16.624798982562723
[Iteration] 61 [parameters] [-0.55        0.66666667 -0.86666667  1.33518519  0.95        0.5       ] [obj] 10.990004309393427
[Iteration] 62 [parameters] [-0.55        0.66666667 -0.86666667  1.43148148  0.95        0.5       ] [obj] 19.61194437729265
[Iteration] 63 [parameters] [-0.55        0.66666667 -0.86666667  1.38333333  0.90185185  0.5       ] [obj] 22.41620331928401
[Iteration] 64 [parameters] [-0.55        0.66666667 -0.86666667  1.38333333  0.99814815  0.5       ] [obj] 21.48600498207923
[Iteration] 65 [parameters] [-0.55        0.66666667 -0.86666667  1.38333333  0.95        0.46296296] [obj] 38.38828685845219
[Iteration] 66 [parameters] [-0.55        0.66666667 -0.86666667  1.38333333  0.95        0.53703704] [obj] 25.793296265542722
[Iteration] 67 [parameters] [-0.55        0.66666667 -0.86666667  0.51666667  0.51666667  0.5       ] [obj] 45.560799234819896
[Iteration] 68 [parameters] [-0.55        0.66666667 -0.86666667  0.51666667  1.38333333  0.5       ] [obj] 39.76519061182876
[Iteration] 69 [parameters] [-0.55        0.66666667 -0.86666667  0.51666667  0.95        0.16666667] [obj] 43.2011435658654
[Iteration] 70 [parameters] [-0.55        0.66666667 -0.86666667  0.51666667  0.95        0.83333333] [obj] 35.443184326420784
[Iteration] 71 [parameters] [-0.56111111  0.66666667 -0.86666667  1.38333333  0.95        0.5       ] [obj] 18.833100345802546
[Iteration] 72 [parameters] [-0.53888889  0.66666667 -0.86666667  1.38333333  0.95        0.5       ] [obj] 21.779253949401415
[Iteration] 73 [parameters] [-0.55        0.65432099 -0.86666667  1.38333333  0.95        0.5       ] [obj] 18.66072460873861
[Iteration] 74 [parameters] [-0.55        0.67901235 -0.86666667  1.38333333  0.95        0.5       ] [obj] 22.1492311411484
[Iteration] 75 [parameters] [-0.55        0.66666667 -0.89876543  1.38333333  0.95        0.5       ] [obj] 0.3731304064493751
[Iteration] 76 [parameters] [-0.55        0.66666667 -0.8345679   1.38333333  0.95        0.5       ] [obj] 25.107997603556825
[Iteration] 77 [parameters] [-0.55        0.66666667 -0.86666667  1.36728395  0.95        0.5       ] [obj] 25.105895460421902
[Iteration] 78 [parameters] [-0.55        0.66666667 -0.86666667  1.39938272  0.95        0.5       ] [obj] 23.974942453831684
[Iteration] 79 [parameters] [-0.55        0.66666667 -0.86666667  1.38333333  0.93395062  0.5       ] [obj] 15.71772421984213
[Iteration] 80 [parameters] [-0.55        0.66666667 -0.86666667  1.38333333  0.96604938  0.5       ] [obj] 32.50438822379416
[Iteration] 81 [parameters] [-0.55        0.66666667 -0.86666667  1.38333333  0.95        0.48765432] [obj] 20.442290915588444
[Iteration] 82 [parameters] [-0.55        0.66666667 -0.86666667  1.38333333  0.95        0.51234568] [obj] 18.232938480781154
[Iteration] 83 [parameters] [-0.55        0.66666667 -0.86666667  0.51666667  0.51666667  0.16666667] [obj] 39.985915640996
[Iteration] 84 [parameters] [-0.55        0.66666667 -0.86666667  0.51666667  0.51666667  0.83333333] [obj] 23.971789239129293
[Iteration] 85 [parameters] [-0.5537037   0.66666667 -0.86666667  1.38333333  0.95        0.5       ] [obj] 3.867943368263945
[Iteration] 86 [parameters] [-0.5462963   0.66666667 -0.86666667  1.38333333  0.95        0.5       ] [obj] 26.364028126675144
[Iteration] 87 [parameters] [-0.55        0.66255144 -0.86666667  1.38333333  0.95        0.5       ] [obj] 26.13699666810313
[Iteration] 88 [parameters] [-0.55        0.67078189 -0.86666667  1.38333333  0.95        0.5       ] [obj] 27.63687579487287
[Iteration] 89 [parameters] [-0.55        0.66666667 -0.87736626  1.38333333  0.95        0.5       ] [obj] 19.588820802808463
