NLOPT DIRECT_L
# Define the right impedance controller
Kq_mat = np.diag( [ 15.0, 15.0, 8.0, 10.0, 3.0, 12.0, 1.5 ]  )
Bq_mat = 0.2 * Kq_mat
lb    = np.array( [ -0.80, 0.20, -0.85, -0.10, 0.20, -0.85, 0.6, 0.6, -0.7 ] )
ub    = np.array( [  0.00, 1.00,  0.85,  0.10, 1.00,  0.85, 1.5, 1.5,  0.7 ] )
n_opt = 9


[Iteration] 1 [parameters] [-0.4 , 0.6 , 0.  , 0.  , 0.6 , 0.  , 1.05, 1.05, 0.  ]                                                                                                                         
 [all_vals] [2.76208131,0.        ,0.22181028]                                                                                                                                                             
 [obj] 2.7620813091281002                                                                                                                                                                                  
[Iteration] 2 [parameters] [-0.66666667, 0.6       , 0.        , 0.        , 0.6       , 0.        , 1.05      , 1.05      , 0.        ]                                                                   
 [all_vals] [61.89913066,63.78291997,63.99386346]                                                                                                                                                          
 [obj] 63.99386346203018                                                                                                                                                                                   
[Iteration] 3 [parameters] [-0.13333333, 0.6       , 0.        , 0.        , 0.6       , 0.        , 1.05      , 1.05      , 0.        ]                                                                   
 [all_vals] [0.,0.,0.]                                                                                                                                                                                     
 [obj] 0.0                                                                                                                                                                                                 
[Iteration] 4 [parameters] [-0.4       , 0.33333333, 0.        , 0.        , 0.6       , 0.        , 1.05      , 1.05      , 0.        ]                                                                   
 [all_vals] [36.69010483,46.23689593,49.24699565]                                                                                                                                                          
 [obj] 49.2469956532856                                                                                                                                                                                    
[Iteration] 5 [parameters] [-0.4       , 0.86666667, 0.        , 0.        , 0.6       , 0.        , 1.05      , 1.05      , 0.        ]                                                                   
 [all_vals] [0.       ,0.       ,1.9905395]                                                                                                                                                                
 [obj] 1.9905395039631808      
[Iteration] 6 [parameters] [-0.4       , 0.6       ,-0.56666667, 0.        , 0.6       , 0.        , 1.05      , 1.05      , 0.        ]                                                                   
 [all_vals] [2.81705446,0.        ,1.63385323]                                                                                                                                                             
 [obj] 2.8170544617744824                                                                                                                                                                                  
[Iteration] 7 [parameters] [-0.4       , 0.6       , 0.56666667, 0.        , 0.6       , 0.        , 1.05      , 1.05      , 0.        ]                                                                   
 [all_vals] [ 0.        , 0.        ,21.27013552]                                                                                                                                                          
 [obj] 21.2701355152135                                                                                                                                                                                    
[Iteration] 8 [parameters] [-0.4       , 0.6       , 0.        ,-0.06666667, 0.6       , 0.        , 1.05      , 1.05      , 0.        ]                                                                   
 [all_vals] [4.47967272,1.44592176,4.25914088]                                                                                                                                                             
 [obj] 4.4796727179749425                                                                                                                                                                                  
[Iteration] 9 [parameters] [-0.4       , 0.6       , 0.        , 0.06666667, 0.6       , 0.        , 1.05      , 1.05      , 0.        ]                                                                   
 [all_vals] [0.17195091,0.98440297,1.77703912]                                                                                                                                                             
 [obj] 1.7770391204295577                                                                                                                                                                                  
[Iteration] 10 [parameters] [-0.4       , 0.6       , 0.        , 0.        , 0.33333333, 0.        , 1.05      , 1.05      , 0.        ]                                                                  
 [all_vals] [34.56213245,45.62835592,34.50012784]                                                                                                                                                          
 [obj] 45.62835591920225                                                                                                                                                                                   
[Iteration] 11 [parameters] [-0.4       , 0.6       , 0.        , 0.        , 0.86666667, 0.        , 1.05      , 1.05      , 0.        ]                                                                  
 [all_vals] [0.        ,0.        ,0.64625415]                                                                                                                                                             
 [obj] 0.6462541549475838                                                                                                                                                                                  
[Iteration] 12 [parameters] [-0.4       , 0.6       , 0.        , 0.        , 0.6       ,-0.56666667, 1.05      , 1.05      , 0.        ]                                                                  
 [all_vals] [37.23664025,44.96803886,24.81590386]                                                                                                                                                          
 [obj] 44.96803886474048                                                                                                                                                                                   
[Iteration] 13 [parameters] [-0.4       , 0.6       , 0.        , 0.        , 0.6       , 0.56666667, 1.05      , 1.05      , 0.        ]                                                                  
 [all_vals] [0.,0.,0.]                                                                                                                                                                                     
 [obj] 0.0       
[Iteration] 14 [parameters] [-0.4 , 0.6 , 0.  , 0.  , 0.6 , 0.  , 0.75, 1.05, 0.  ]                                                                                                                        
 [all_vals] [0.        ,2.00779852,0.45448734]                                                                                                                                                             
 [obj] 2.007798517003324                                                                                                                                                                                   
[Iteration] 15 [parameters] [-0.4 , 0.6 , 0.  , 0.  , 0.6 , 0.  , 1.35, 1.05, 0.  ]                                                                                                                        
 [all_vals] [3.56174891,0.        ,0.39312196]                                                                                                                                                             
 [obj] 3.5617489133214013                                                                                                                                                                                  
[Iteration] 16 [parameters] [-0.4 , 0.6 , 0.  , 0.  , 0.6 , 0.  , 1.05, 0.75, 0.  ]                                                                                                                        
 [all_vals] [0.,0.,0.]                                                                                                                                                                                     
 [obj] 0.0                                                                                                                                                                                                 
[Iteration] 17 [parameters] [-0.4 , 0.6 , 0.  , 0.  , 0.6 , 0.  , 1.05, 1.35, 0.  ]                                                                                                                        
 [all_vals] [0.        ,0.4813347 ,2.67642547]                                                                                                                                                             
 [obj] 2.676425466632575                                                                                                                                                                                   
[Iteration] 18 [parameters] [-0.4       , 0.6       , 0.        , 0.        , 0.6       , 0.        , 1.05      , 1.05      ,-0.46666667]                                                                  
 [all_vals] [0.,0.,0.]                                                                                                                                                                                     
 [obj] 0.0                                                                                                                                                                                                 
[Iteration] 19 [parameters] [-0.4       , 0.6       , 0.        , 0.        , 0.6       , 0.        , 1.05      , 1.05      , 0.46666667]                                                                  
 [all_vals] [0.        ,8.33802097,3.20506264]                                                                                                                                                             
 [obj] 8.33802096650473                                                                                                                                                                                    
[Iteration] 20 [parameters] [-0.66666667, 0.33333333, 0.        , 0.        , 0.6       , 0.        , 1.05      , 1.05      , 0.        ]                                                                  
 [all_vals] [60.70314498,55.45960113,61.26438251]                                                                                                                                                          
 [obj] 61.26438251086679    
[Iteration] 21 [parameters] [-0.66666667, 0.86666667, 0.        , 0.        , 0.6       , 0.        , 1.05      , 1.05      , 0.        ]                                                                  
 [all_vals] [48.62694963,54.79417029,37.56711838]                                                                                                                                                          
 [obj] 54.79417028892867                                                                                                                                                                                   
[Iteration] 22 [parameters] [-0.66666667, 0.6       ,-0.56666667, 0.        , 0.6       , 0.        , 1.05      , 1.05      , 0.        ]                                                                  
 [all_vals] [59.30708259,62.66939402,60.06264383]                                                                                                                                                          
 [obj] 62.66939401687548                                                                                                                                                                                   
[Iteration] 23 [parameters] [-0.66666667, 0.6       , 0.56666667, 0.        , 0.6       , 0.        , 1.05      , 1.05      , 0.        ]                                                                  
 [all_vals] [60.12081309,60.61684991,64.16197903]                                                                                                                                                          
 [obj] 64.16197903349527                                                                                                                                                                                   
[Iteration] 24 [parameters] [-0.66666667, 0.6       , 0.        ,-0.06666667, 0.6       , 0.        , 1.05      , 1.05      , 0.        ]                                                                  
 [all_vals] [66.64472002,66.95346459,70.42316543]                                                                                                                                                          
 [obj] 70.4231654308361                                                                                                                                                                                    
[Iteration] 25 [parameters] [-0.66666667, 0.6       , 0.        , 0.06666667, 0.6       , 0.        , 1.05      , 1.05      , 0.        ]                                                                  
 [all_vals] [60.96266939,62.93786755,68.55663513]                                                                                                                                                          
 [obj] 68.55663513167988                                                                                                                                                                                   
[Iteration] 26 [parameters] [-0.66666667, 0.6       , 0.        , 0.        , 0.33333333, 0.        , 1.05      , 1.05      , 0.        ]                                                                  
 [all_vals] [70.43850678,72.50511378,71.62106878]                                                                                                                                                          
 [obj] 72.50511378164153    
[Iteration] 27 [parameters] [-0.66666667, 0.6       , 0.        , 0.        , 0.86666667, 0.        , 1.05      , 1.05      , 0.        ]                                                                  
 [all_vals] [52.35745334,57.78701099,47.6885707 ]                                                                                                                                                          
 [obj] 57.78701099463053                                                                                                                                                                                   
[Iteration] 28 [parameters] [-0.66666667, 0.6       , 0.        , 0.        , 0.6       ,-0.56666667, 1.05      , 1.05      , 0.        ]                                                                  
 [all_vals] [63.86665814,63.93377653,70.11506009]                                                                                                                                                          
 [obj] 70.11506008693429                                                                                                                                                                                   
[Iteration] 29 [parameters] [-0.66666667, 0.6       , 0.        , 0.        , 0.6       , 0.56666667, 1.05      , 1.05      , 0.        ]                                                                  
 [all_vals] [45.96522628,36.8300946 ,47.94362056]                                                                                                                                                          
 [obj] 47.9436205574022                                                                                                                                                                                    
[Iteration] 30 [parameters] [-0.66666667, 0.6       , 0.        , 0.        , 0.6       , 0.        , 0.75      , 1.05      , 0.        ]                                                                  
 [all_vals] [60.74725134,56.05343902,47.9953976 ]                                                                                                                                                          
 [obj] 60.74725134236768                                                                                                                                                                                   
[Iteration] 31 [parameters] [-0.66666667, 0.6       , 0.        , 0.        , 0.6       , 0.        , 1.35      , 1.05      , 0.        ]                                                                  
 [all_vals] [64.30069036,66.61148044,63.08233188]                                                                                                                                                          
 [obj] 66.61148043978523                                                                                                                                                                                   
[Iteration] 32 [parameters] [-0.66666667, 0.6       , 0.        , 0.        , 0.6       , 0.        , 1.05      , 0.75      , 0.        ]                                                                  
 [all_vals] [54.0935822 ,56.3992585 ,64.09549987]                                                                                                                                                          
 [obj] 64.09549987215546        
[Iteration] 33 [parameters] [-0.66666667, 0.6       , 0.        , 0.        , 0.6       , 0.        , 1.05      , 1.35      , 0.        ]                                                                  
 [all_vals] [67.53771414,65.64497571,68.82127333]                                                                                                                                                          
 [obj] 68.82127333162875                                                                                                                                                                                   
[Iteration] 34 [parameters] [-0.66666667, 0.6       , 0.        , 0.        , 0.6       , 0.        , 1.05      , 1.05      ,-0.46666667]                                                                  
 [all_vals] [1.48619279,0.585528  ,0.        ]                                                                                                                                                             
 [obj] 1.4861927895678855                                                                                                                                                                                  
[Iteration] 35 [parameters] [-0.66666667, 0.6       , 0.        , 0.        , 0.6       , 0.        , 1.05      , 1.05      , 0.46666667]                                                                  
 [all_vals] [43.92802352,50.32536436,54.77179749]                                                                                                                                                          
 [obj] 54.771797494247                                                                                                                                                                                     
[Iteration] 36 [parameters] [-0.66666667, 0.33333333, 0.        , 0.        , 0.33333333, 0.        , 1.05      , 1.05      , 0.        ]                                                                  
 [all_vals] [60.23459473,53.69598568,55.66479161]                                                                                                                                                          
 [obj] 60.234594732804915                                                                                                                                                                                  
[Iteration] 37 [parameters] [-0.66666667, 0.86666667, 0.        , 0.        , 0.33333333, 0.        , 1.05      , 1.05      , 0.        ]                                                                  
 [all_vals] [64.59217591,71.35003835,69.6592943 ]                                                                                                                                                          
 [obj] 71.35003835336231                                                                                                                                                                                   
[Iteration] 38 [parameters] [-0.66666667, 0.6       ,-0.56666667, 0.        , 0.33333333, 0.        , 1.05      , 1.05      , 0.        ]                                                                  
 [all_vals] [65.49220148,63.44668883,64.6228586 ]                                                                                                                                                          
 [obj] 65.49220148299668                                                                                                                                                                                   
[Iteration] 39 [parameters] [-0.66666667, 0.6       , 0.56666667, 0.        , 0.33333333, 0.        , 1.05      , 1.05      , 0.        ]                                                                  
 [all_vals] [70.34454104,67.10559959,70.04474559]                                                                                                                                                          
 [obj] 70.34454103809767          
[Iteration] 40 [parameters] [-0.66666667, 0.6       , 0.        ,-0.06666667, 0.33333333, 0.        , 1.05      , 1.05      , 0.        ]                                                                  
 [all_vals] [58.41025313,72.80938379,71.39030938]                                                                                                                                                          
 [obj] 72.8093837893122                                                                                                                                                                                    
[Iteration] 41 [parameters] [-0.66666667, 0.6       , 0.        , 0.06666667, 0.33333333, 0.        , 1.05      , 1.05      , 0.        ]                                                                  
 [all_vals] [72.65788801,67.44310918,67.96151879]                                                                                                                                                          
 [obj] 72.65788800818204                                                                                                                                                                                   
[Iteration] 42 [parameters] [-0.66666667, 0.6       , 0.        , 0.        , 0.33333333,-0.56666667, 1.05      , 1.05      , 0.        ]                                                                  
 [all_vals] [66.43377653,70.45960113,76.02595244]                                                                                                                                                          
 [obj] 76.02595244183074                                                                                                                                                                                   
[Iteration] 43 [parameters] [-0.66666667, 0.6       , 0.        , 0.        , 0.33333333, 0.56666667, 1.05      , 1.05      , 0.        ]                                                                  
 [all_vals] [62.15162363,60.8923549 ,60.82459729]                                                                                                                                                          
 [obj] 62.151623625671185                                                                                                                                                                                  
[Iteration] 44 [parameters] [-0.66666667, 0.6       , 0.        , 0.        , 0.33333333, 0.        , 0.75      , 1.05      , 0.        ]                                                                  
 [all_vals] [73.96254155,67.29544873,69.05011506]                                                                                                                                                          
 [obj] 73.96254154947583                                                                                                                                                                                   
[Iteration] 45 [parameters] [-0.66666667, 0.6       , 0.        , 0.        , 0.33333333, 0.        , 1.35      , 1.05      , 0.        ]                                                                  
 [all_vals] [65.19560215,63.10854002,68.24789057]                                                                                                                                                          
 [obj] 68.24789056507286                                                                                                                                                                                   
[Iteration] 46 [parameters] [-0.66666667, 0.6       , 0.        , 0.        , 0.33333333, 0.        , 1.05      , 0.75      , 0.        ]                                                                  
 [all_vals] [69.53592432,68.40002557,68.36231143]                                                                                                                                                          
 [obj] 69.53592431603171         
[Iteration] 47 [parameters] [-0.66666667, 0.6       , 0.        , 0.        , 0.33333333, 0.        , 1.05      , 1.35      , 0.        ]                                                        [142/1464]
 [all_vals] [78.2856047 ,72.31654308,68.14241882]                                                                                                                                                          
 [obj] 78.28560470467912                                                                                                                                                                                   
[Iteration] 48 [parameters] [-0.66666667, 0.6       , 0.        , 0.        , 0.33333333, 0.        , 1.05      , 1.05      ,-0.46666667]                                                                  
 [all_vals] [ 1.44464331,42.66300179, 0.        ]                                                                                                                                                          
 [obj] 42.663001789823575                                                                                                                                                                                  
[Iteration] 49 [parameters] [-0.66666667, 0.6       , 0.        , 0.        , 0.33333333, 0.        , 1.05      , 1.05      , 0.46666667]                                                                  
 [all_vals] [45.86742521,59.87726924,54.11659422]                                                                                                                                                          
 [obj] 59.877269240603425                                                                                                                                                                                  
[Iteration] 50 [parameters] [-0.66666667, 0.33333333, 0.        , 0.        , 0.33333333, 0.        , 1.05      , 1.35      , 0.        ]                                                                  
 [all_vals] [54.07440552,48.99961647,52.07939146]                                                                                                                                                          
 [obj] 54.07440552288417                                                                                                                                                                                   
[Iteration] 51 [parameters] [-0.66666667, 0.86666667, 0.        , 0.        , 0.33333333, 0.        , 1.05      , 1.35      , 0.        ]                                                                  
 [all_vals] [63.99705958,61.13589875,62.32101764]                                                                                                                                                          
 [obj] 63.99705957555612                                                                                                                                                                                   
[Iteration] 52 [parameters] [-0.66666667, 0.6       ,-0.56666667, 0.        , 0.33333333, 0.        , 1.05      , 1.35      , 0.        ]                                                                  
 [all_vals] [51.00102276,65.45256968,60.91408847]                                                                                                                                                          
 [obj] 65.45256967527486                                                                                                                                                                                   
[Iteration] 53 [parameters] [-0.66666667, 0.6       , 0.56666667, 0.        , 0.33333333, 0.        , 1.05      , 1.35      , 0.        ]                                                                  
 [all_vals] [61.87100486,55.31833291,62.55689082]                                                                                                                                                          
 [obj] 62.55689082076196                                                                                                                                                                                   
[Iteration] 54 [parameters] [-0.66666667, 0.6       , 0.        ,-0.06666667, 0.33333333, 0.        , 1.05      , 1.35      , 0.        ]                                                                  
 [all_vals] [64.26872923,70.25441064,60.69611353]                                                                                                                                                          
 [obj] 70.25441063666581                                                                                                                                                                                   
[Iteration] 55 [parameters] [-0.66666667, 0.6       , 0.        , 0.06666667, 0.33333333, 0.        , 1.05      , 1.35      , 0.        ]                                                                  
 [all_vals] [59.35949885,66.54372283,62.06532856]                                                                                                                                                          
 [obj] 66.54372283303502     
[Iteration] 56 [parameters] [-0.66666667, 0.6       , 0.        , 0.        , 0.33333333,-0.56666667, 1.05      , 1.35      , 0.        ]                                                                  
 [all_vals] [64.90475582,71.02275633,65.34645871]                                                                                                                                                          
 [obj] 71.02275632830478                                                                                                                                                                                   
[Iteration] 57 [parameters] [-0.66666667, 0.6       , 0.        , 0.        , 0.33333333, 0.56666667, 1.05      , 1.35      , 0.        ]                                                                  
 [all_vals] [63.96701611,64.32370238,65.03899259]                                                                                                                                                          
 [obj] 65.03899258501662                                                                                                                                                                                   
[Iteration] 58 [parameters] [-0.66666667, 0.6       , 0.        , 0.        , 0.33333333, 0.        , 0.75      , 1.35      , 0.        ]                                                                  
 [all_vals] [72.55561238,62.8407057 ,71.06174891]                                                                                                                                                          
 [obj] 72.55561237535157                                                                                                                                                                                   
[Iteration] 59 [parameters] [-0.66666667, 0.6       , 0.        , 0.        , 0.33333333, 0.        , 1.35      , 1.35      , 0.        ]                                                                  
 [all_vals] [64.07120941,53.40258246,61.71823063]                                                                                                                                                          
 [obj] 64.07120940935822                                                                                                                                                                                   
[Iteration] 60 [parameters] [-0.66666667, 0.6       , 0.        , 0.        , 0.33333333, 0.        , 1.05      , 1.35      ,-0.46666667]                                                                  
 [all_vals] [ 3.19675275,38.22999233, 0.        ]                                                                                                                                                          
 [obj] 38.22999232932754                                                                                                                                                                                   
[Iteration] 61 [parameters] [-0.66666667, 0.6       , 0.        , 0.        , 0.33333333, 0.        , 1.05      , 1.35      , 0.46666667]                                                                  
 [all_vals] [47.08003068,51.65366914,56.35451291]                                                                                                                                                          
 [obj] 56.354512912298645                                                                                                                                                                                  
[Iteration] 62 [parameters] [-0.75555556, 0.6       , 0.        , 0.        , 0.33333333, 0.        , 1.05      , 1.35      , 0.        ]                                                                  
 [all_vals] [65.6954743 ,61.17489133,62.56456149]                                                                                                                                                          
 [obj] 65.69547430324725                                                                                                                                                                                   
[Iteration] 63 [parameters] [-0.57777778, 0.6       , 0.        , 0.        , 0.33333333, 0.        , 1.05      , 1.35      , 0.        ]                                                                  
 [all_vals] [60.70186653,52.93786755,60.18601381]                                                                                                                                                          
 [obj] 60.70186653029916      
[Iteration] 64 [parameters] [-0.66666667, 0.51111111, 0.        , 0.        , 0.33333333, 0.        , 1.05      , 1.35      , 0.        ]                                                                  
 [all_vals] [61.39670161,49.94566607,59.44579391]                                                                                                                                                          
 [obj] 61.39670161084122                                                                                                                                                                                   
[Iteration] 65 [parameters] [-0.66666667, 0.68888889, 0.        , 0.        , 0.33333333, 0.        , 1.05      , 1.35      , 0.        ]                                                                  
 [all_vals] [61.28995142,64.16645359,67.65660956]                                                                                                                                                          
 [obj] 67.65660956277168                                                                                                                                                                                   
[Iteration] 66 [parameters] [-0.66666667, 0.6       ,-0.18888889, 0.        , 0.33333333, 0.        , 1.05      , 1.35      , 0.        ]                                                                  
 [all_vals] [67.38430069,64.262337  ,67.45653286]                                                                                                                                                          
 [obj] 67.45653285604705                                                                                                                                                                                   
[Iteration] 67 [parameters] [-0.66666667, 0.6       , 0.18888889, 0.        , 0.33333333, 0.        , 1.05      , 1.35      , 0.        ]                                                                  
 [all_vals] [65.77601636,68.8570698 ,63.48184608]                                                                                                                                                          
 [obj] 68.8570698031194                                                                                                                                                                                    
[Iteration] 68 [parameters] [-0.66666667, 0.6       , 0.        ,-0.02222222, 0.33333333, 0.        , 1.05      , 1.35      , 0.        ]                                                                  
 [all_vals] [57.36704168,64.64395295,64.0795193 ]                                                                                                                                                          
 [obj] 64.6439529532089                                                                                                                                                                                    
[Iteration] 69 [parameters] [-0.66666667, 0.6       , 0.        , 0.02222222, 0.33333333, 0.        , 1.05      , 1.35      , 0.        ]                                                                  
 [all_vals] [67.9110202 ,68.42815137,67.44886218]                                                                                                                                                          
 [obj] 68.42815136793658                                                                                                                                                                                   
[Iteration] 70 [parameters] [-0.66666667, 0.6       , 0.        , 0.        , 0.24444444, 0.        , 1.05      , 1.35      , 0.        ]                                                                  
 [all_vals] [68.44732805,71.79365891,58.9356942 ]                                                                                                                                                          
 [obj] 71.7936589107645                                                                                                                                                                                    
[Iteration] 71 [parameters] [-0.66666667, 0.6       , 0.        , 0.        , 0.42222222, 0.        , 1.05      , 1.35      , 0.        ]                                                                  
 [all_vals] [68.16351317,70.63666581,70.39312196]                                                                                                                                                          
 [obj] 70.63666581436972         
[Iteration] 72 [parameters] [-0.66666667, 0.6       , 0.        , 0.        , 0.33333333,-0.18888889, 1.05      , 1.35      , 0.        ]                                                                  
 [all_vals] [67.26220915,63.52978778,61.56481718]                                                                                                                                                          
 [obj] 67.26220915366913                                                                                                                                                                                   
[Iteration] 73 [parameters] [-0.66666667, 0.6       , 0.        , 0.        , 0.33333333, 0.18888889, 1.05      , 1.35      , 0.        ]                                                                  
 [all_vals] [68.77908463,60.57338277,58.74520583]                                                                                                                                                          
 [obj] 68.77908463308616                                                                                                                                                                                   
[Iteration] 74 [parameters] [-0.66666667, 0.6       , 0.        , 0.        , 0.33333333, 0.        , 0.95      , 1.35      , 0.        ]                                                                  
 [all_vals] [61.82945538,63.62694963,69.75453848]                                                                                                                                                          
 [obj] 69.75453848120685                                                                                                                                                                                   
[Iteration] 75 [parameters] [-0.66666667, 0.6       , 0.        , 0.        , 0.33333333, 0.        , 1.15      , 1.35      , 0.        ]                                                                  
 [all_vals] [57.62273076,68.59115316,52.3734339 ]                                                                                                                                                          
 [obj] 68.59115315776016                                                                                                                                                                                   
[Iteration] 76 [parameters] [-0.66666667, 0.6       , 0.        , 0.        , 0.33333333, 0.        , 1.05      , 1.25      , 0.        ]                                                                  
 [all_vals] [59.61454871,58.28752237,65.63794426]                                                                                                                                                          
 [obj] 65.63794425978011                                                                                                                                                                                   
[Iteration] 77 [parameters] [-0.66666667, 0.6       , 0.        , 0.        , 0.33333333, 0.        , 1.05      , 1.45      , 0.        ]                                                                  
 [all_vals] [63.78547686,68.17821529,65.5574022 ]                                                                                                                                                          
 [obj] 68.1782152902071                                                                                                                                                                                    
[Iteration] 78 [parameters] [-0.66666667, 0.6       , 0.        , 0.        , 0.33333333, 0.        , 1.05      , 1.35      ,-0.15555556]                                                                  
 [all_vals] [70.43147533,64.83571976,69.38890309]                                                                                                                                                          
 [obj] 70.43147532600358                                                                                                                                                                                   
[Iteration] 79 [parameters] [-0.66666667, 0.6       , 0.        , 0.        , 0.33333333, 0.        , 1.05      , 1.35      , 0.15555556]                                                                  
 [all_vals] [50.30746612,68.01777039,63.03119407]                                                                                                                                                          
 [obj] 68.0177703912043   
[Iteration] 80 [parameters] [-0.66666667, 0.33333333, 0.        , 0.        , 0.33333333,-0.56666667, 1.05      , 1.05      , 0.        ]                                                                  
 [all_vals] [49.2342112 ,71.5456405 ,57.00396318]                                                                                                                                                          
 [obj] 71.5456405011506                                                                                                                                                                                    
[Iteration] 81 [parameters] [-0.66666667, 0.86666667, 0.        , 0.        , 0.33333333,-0.56666667, 1.05      , 1.05      , 0.        ]                                                                  
 [all_vals] [62.36001023,70.09396574,70.43339299]                                                                                                                                                          
 [obj] 70.43339299411915                                                                                                                                                                                   
[Iteration] 82 [parameters] [-0.66666667, 0.6       ,-0.56666667, 0.        , 0.33333333,-0.56666667, 1.05      , 1.05      , 0.        ]                                                                  
 [all_vals] [63.35847609,61.87995398,56.48043979]                                                                                                                                                          
 [obj] 63.35847609307083                                                                                                                                                                                   
[Iteration] 83 [parameters] [-0.66666667, 0.6       , 0.56666667, 0.        , 0.33333333,-0.56666667, 1.05      , 1.05      , 0.        ]                                                                  
 [all_vals] [61.28036308,75.03515725,74.99105088]                                                                                                                                                          
 [obj] 75.03515724878548                                                                                                                                                                                   
[Iteration] 84 [parameters] [-0.66666667, 0.6       , 0.        ,-0.06666667, 0.33333333,-0.56666667, 1.05      , 1.05      , 0.        ]                                                                  
 [all_vals] [65.82267962,63.91268218,69.47839427]                                                                                                                                                          
 [obj] 69.47839427256456                                                                                                                                                                                   
[Iteration] 85 [parameters] [-0.66666667, 0.6       , 0.        , 0.06666667, 0.33333333,-0.56666667, 1.05      , 1.05      , 0.        ]                                                                  
 [all_vals] [60.93582204,68.5387369 ,75.42955766]                                                                                                                                                          
 [obj] 75.42955765788801                                                                                                                                                                                   
[Iteration] 86 [parameters] [-0.66666667, 0.6       , 0.        , 0.        , 0.33333333,-0.56666667, 0.75      , 1.05      , 0.        ]                                                                  
 [all_vals] [66.62873945,70.63027359,68.79186909]                                                                                                                                                          
 [obj] 70.63027358731783       
[Iteration] 87 [parameters] [-0.66666667, 0.6       , 0.        , 0.        , 0.33333333,-0.56666667, 1.35      , 1.05      , 0.        ]                                                                  
 [all_vals] [72.85349016,54.75837382,62.31334697]                                                                                                                                                          
 [obj] 72.85349015597033                                                                                                                                                                                   
[Iteration] 88 [parameters] [-0.66666667, 0.6       , 0.        , 0.        , 0.33333333,-0.56666667, 1.05      , 1.05      ,-0.46666667]                                                                  
 [all_vals] [60.58361033,63.99897724,59.16070059]                                                                                                                                                          
 [obj] 63.998977243671696                                                                                                                                                                                  
[Iteration] 89 [parameters] [-0.66666667, 0.6       , 0.        , 0.        , 0.33333333,-0.56666667, 1.05      , 1.05      , 0.46666667]                                                                  
 [all_vals] [56.7143953 ,60.93582204,56.08923549]                                                                                                                                                          
 [obj] 60.93582204039888                                                                                                                                                                                   
[Iteration] 90 [parameters] [-0.6962963 , 0.6       , 0.        , 0.        , 0.33333333, 0.        , 1.05      , 1.35      , 0.        ]                                                                  
 [all_vals] [64.1076451 ,69.64650984,63.3079775 ]                                                                                                                                                          
 [obj] 69.64650984402965                                                                                                                                                                                   
[Iteration] 91 [parameters] [-0.63703704, 0.6       , 0.        , 0.        , 0.33333333, 0.        , 1.05      , 1.35      , 0.        ]                                                                  
 [all_vals] [65.12720532,68.94911787,74.69636922]                                                                                                                                                          
 [obj] 74.69636921503452                                                                                                                                                                                   
[Iteration] 92 [parameters] [-0.66666667, 0.57037037, 0.        , 0.        , 0.33333333, 0.        , 1.05      , 1.35      , 0.        ]                                                                  
 [all_vals] [57.9027103 ,70.08693429,65.91025313]                                                                                                                                                          
 [obj] 70.0869342879059                                                                                                                                                                                    
[Iteration] 93 [parameters] [-0.66666667, 0.62962963, 0.        , 0.        , 0.33333333, 0.        , 1.05      , 1.35      , 0.        ]                                                                  
 [all_vals] [57.33763743,61.04960368,67.0749169 ]                                                                                                                                                          
 [obj] 67.07491690104833          
[Iteration] 94 [parameters] [-0.66666667, 0.6       ,-0.06296296, 0.        , 0.33333333, 0.        , 1.05      , 1.35      , 0.        ]
 [all_vals] [65.27422654,64.88685758,68.84875991]
 [obj] 68.84875990795193
[Iteration] 95 [parameters] [-0.66666667, 0.6       , 0.06296296, 0.        , 0.33333333, 0.        , 1.05      , 1.35      , 0.        ]
 [all_vals] [65.3490156 ,65.12017387,72.00843774]
 [obj] 72.00843773970853
[Iteration] 96 [parameters] [-0.66666667, 0.6       , 0.        ,-0.00740741, 0.33333333, 0.        , 1.05      , 1.35      , 0.        ]
 [all_vals] [64.61518793,66.72142675,65.11633853]
 [obj] 66.72142674507798
[Iteration] 97 [parameters] [-0.66666667, 0.6       , 0.        , 0.00740741, 0.33333333, 0.        , 1.05      , 1.35      , 0.        ]
 [all_vals] [67.26476604,73.51700332,68.72666837]
 [obj] 73.51700332395806
[Iteration] 98 [parameters] [-0.66666667, 0.6       , 0.        , 0.        , 0.3037037 , 0.        , 1.05      , 1.35      , 0.        ]
 [all_vals] [65.51457428,62.56711838,53.83597545]
 [obj] 65.51457427767834
[Iteration] 99 [parameters] [-0.66666667, 0.6       , 0.        , 0.        , 0.36296296, 0.        , 1.05      , 1.35      , 0.        ]
 [all_vals] [61.7201483 ,67.88161595,68.88455638]
 [obj] 68.8845563794426
[Iteration] 100 [parameters] [-0.66666667, 0.6       , 0.        , 0.        , 0.33333333,-0.06296296, 1.05      , 1.35      , 0.        ]
 [all_vals] [64.10508821,64.02454615,66.30529276]
 [obj] 66.30529276399898
