NLOPT CRS2
# Define the right impedance controller
Kq_mat = np.diag( [ 15.0, 15.0, 8.0, 10.0, 3.0, 12.0, 1.5 ]  )
Bq_mat = 0.2 * Kq_mat
lb    = np.array( [ -0.70, 0.30, -0.85, -0.15, 0.30,  0.00, 0.8, 0.8, -0.5 ] )
ub    = np.array( [  0.00, 1.00,  0.85,  0.10, 1.00,  0.85, 1.5, 1.5,  0.5 ] )
n_opt = 9


[Iteration] 1 [parameters] [-0.5125, 0.615 ,-0.0275,-0.0575, 0.615 ,-0.0275, 1.19  , 1.19  ,-0.025 ]                                                                                                       
 [all_vals] [52.43288162,54.94183073, 5.98312452]                                                                                                                                                          
 [obj] 54.941830733827665                                                                                                                                                                                  
[Iteration] 2 [parameters] [-0.70725737, 0.79346152,-0.19373137,-0.04980898, 0.44119953, 0.03299402, 0.95655594, 1.42404102,-0.05319765]                                                                   
 [all_vals] [63.3220404 ,79.88685758,78.71963692]                                                                                                                                                          
 [obj] 79.88685758118127                                                                                                                                                                                   
[Iteration] 3 [parameters] [-0.36354614, 0.58163295,-0.48578382,-0.00814415, 0.40699728,-0.36436439, 1.10463013, 1.1478628 ,-0.36027374]                                                                   
 [all_vals] [7.28586039,5.80861672,0.0083099 ]                                                                                                                                                             
 [obj] 7.285860393761186  
[Iteration] 4 [parameters] [-0.39993032, 0.46383118, 0.50298938,-0.14592781, 0.56447645, 0.13433166, 1.21113335, 1.25700455,-0.05065271]                                                                   
 [all_vals] [0.0083099 ,0.00767067,3.71452314]                                                                                                                                                             
 [obj] 3.7145231398619276                                                                                                                                                                                  
[Iteration] 5 [parameters] [-0.23185658, 0.86779141, 0.044264  ,-0.1220106 , 0.35135945,-0.01440903, 1.02842321, 1.27840812, 0.49911183]                                                                   
 [all_vals] [0.00958834,0.0083099 ,0.0083099 ]                                                                                                                                                             
 [obj] 0.009588340577857325                                                                                                                                                                                
[Iteration] 6 [parameters] [-0.46637275, 0.49475662, 0.3416029 , 0.00519361, 0.8251491 ,-0.41644201, 1.26532288, 0.85181531, 0.37909254]                                                                   
 [all_vals] [45.74852979,51.85566351,48.30350294]                                                                                                                                                          
 [obj] 51.855663513168                                                                                                                                                                                     
[Iteration] 7 [parameters] [-0.44179617, 0.56572334,-0.17187901,-0.12084008, 0.66409075, 0.01734604, 1.0062824 , 0.847894  ,-0.22129049]                                                                   
 [all_vals] [5.2224495 ,4.62221938,0.01150601]                                                                                                                                                             
 [obj] 5.22244950140629                                                                                                                                                                                    
[Iteration] 8 [parameters] [-0.28233718, 0.6216107 ,-0.12394513,-0.07576863, 0.57793338,-0.30802246, 1.2150082 , 0.9348985 ,-0.34369412]                                                                   
 [all_vals] [2.73970851,0.01470212,0.0083099 ]                                                                                                                                                             
 [obj] 2.7397085144464333                                                                                                                                                                                  
[Iteration] 9 [parameters] [-0.72327421, 0.3418197 , 0.21027523, 0.03926655, 0.34669643, 0.48533412, 1.11351309, 1.0233185 ,-0.27237497]                                                                   
 [all_vals] [59.68805932,61.49578113,60.85783687]                                                                                                                                                          
 [obj] 61.495781130145744                                                                                                                                                                                  
[Iteration] 10 [parameters] [-0.28796549, 0.78454478,-0.16661121, 0.01021294, 0.75483675, 0.13846517, 1.32950552, 1.12321546,-0.17426601]                                                                  
 [all_vals] [0.01150601,0.01150601,0.01214523]                                                                                                                                                             
 [obj] 0.01214523139861928                                                                                                                                                                                 
[Iteration] 11 [parameters] [-0.38747113, 0.39927914, 0.42859004,-0.10713461, 0.47715578,-0.33530808, 1.06602251, 0.9859351 , 0.19498342]                                                                  
 [all_vals] [53.32395807,54.78777806,61.27652774]                                                                                                                                                          
 [obj] 61.27652774226541     
[Iteration] 12 [parameters] [-0.20316834, 0.87346065, 0.29886235,-0.12963544, 0.44490436,-0.1103258 , 0.82773313, 1.18129836, 0.02581268]                                                          
 [all_vals] [0.01022756,0.00894912,0.00958834]                                                                                                                                                             
 [obj] 0.010227563283047815                                                                                                                                                                                
[Iteration] 13 [parameters] [-0.33107022, 0.43847818, 0.44724295,-0.00422568, 0.75296478,-0.38660299, 0.96346731, 1.0193516 , 0.20919187]                                                                  
 [all_vals] [ 0.01022756, 2.12221938,25.90513935]                                                                                                                                                          
 [obj] 25.90513935054973                                                                                                                                                                                   
[Iteration] 14 [parameters] [-0.62394505, 0.78848884, 0.20197294,-0.10738369, 0.5867983 ,-0.16872586, 1.07002416, 1.4082774 , 0.18227548]                                                                  
 [all_vals] [49.98849399,52.29225262,52.88225518]                                                                                                                                                          
 [obj] 52.88225517770391                                                                                                                                                                                   
[Iteration] 15 [parameters] [-0.52106599, 0.74577557,-0.3061351 ,-0.06499294, 0.49297166, 0.1036441 , 1.15498278, 1.42238002, 0.44682826]                                                                  
 [all_vals] [56.62362567,53.71452314,57.03975965]                                                                                                                                                          
 [obj] 57.039759652262845                                                                                                                                                                                  
[Iteration] 16 [parameters] [-0.62492938, 0.335384  ,-0.00853341, 0.04751536, 0.33569392,-0.0576005 , 1.14632855, 0.97839211, 0.06954443]                                                                  
 [all_vals] [50.0562516 ,74.22142675,65.22628484]                                                                                                                                                          
 [obj] 74.22142674507799                                                                                                                                                                                   
[Iteration] 17 [parameters] [-0.44976676, 0.72755981, 0.03039557, 0.03658902, 0.4279226 , 0.03334863, 1.4005389 , 1.49268415,-0.06761578]                                                                  
 [all_vals] [2.75185375,4.53017131,0.01086679]                                                                                                                                                             
 [obj] 4.530171311684991                                                                                                                                                                                   
[Iteration] 18 [parameters] [-0.31748596, 0.45989299, 0.46161343,-0.00457849, 0.53213498,-0.05055211, 1.48888638, 1.20405652, 0.49004973]                                                                  
 [all_vals] [2.09601125,0.01022756,0.01022756]                                                                                                                                                             
 [obj] 2.096011250319611                                                                                                                                                                                   
[Iteration] 19 [parameters] [-0.31901811, 0.66818852, 0.31516705,-0.04058715, 0.36229125,-0.30289122, 1.48404246, 1.46046731,-0.42475726]                                                                  
 [all_vals] [4.18051649,0.01022756,0.01086679]                                                                                                                                                             
 [obj] 4.180516491945794                                                                                                                                                                                   
[Iteration] 20 [parameters] [-0.38362322, 0.44768813, 0.09642191,-0.09374146, 0.83054368,-0.0773091 , 1.45870314, 1.44717287, 0.11855567]                                                                  
 [all_vals] [37.01738686,27.86052161,27.03144976]                                                                                                                                                          
 [obj] 37.01738685758118  
[Iteration] 21 [parameters] [-0.43576292, 0.45655374,-0.300024  ,-0.09080209, 0.62607687,-0.42881744, 0.85529984, 1.2646256 ,-0.48265644]                                                                  
 [all_vals] [2.08450524,0.01086679,0.01150601]                                                                                                                                                             
 [obj] 2.0845052416261827                                                                                                                                                                                  
[Iteration] 22 [parameters] [-0.30579566, 0.52107661, 0.20955969, 0.03929152, 0.5531913 , 0.17697575, 1.18397211, 1.41773704, 0.34124644]                                                                  
 [all_vals] [1.76872923,0.01214523,2.01482997]                                                                                                                                                             
 [obj] 2.014829966760419                                                                                                                                                                                   
[Iteration] 23 [parameters] [-0.57313685, 0.73651442, 0.46916683,-0.07696046, 0.80843632,-0.39308184, 1.21662214, 1.32723805,-0.10294865]                                                                  
 [all_vals] [46.91766812,48.64356942,47.29225262]                                                                                                                                                          
 [obj] 48.64356941958579                                                                                                                                                                                   
[Iteration] 24 [parameters] [-0.32460457, 0.48812595,-0.17239786,-0.11489379, 0.81907974, 0.19732505, 1.0791804 , 1.08131497, 0.42474501]                                                                  
 [all_vals] [21.34939913, 0.01086679, 1.9847865 ]                                                                                                                                                          
 [obj] 21.34939913065712                                                                                                                                                                                   
[Iteration] 25 [parameters] [-0.69366431, 0.50100602,-0.43206746, 0.00888951, 0.57596891,-0.12784133, 0.88416591, 1.32178686,-0.2035574 ]                                                                  
 [all_vals] [67.16952186,71.94195858,64.08910765]                                                                                                                                                          
 [obj] 71.9419585783687                                                                                                                                                                                    
[Iteration] 26 [parameters] [-0.68125349, 0.88701685,-0.52148359,-0.01234293, 0.7340524 , 0.34716236, 1.34964346, 1.14638605, 0.49860714]                                                                  
 [all_vals] [69.47967272,69.31219637,61.12758885]                                                                                                                                                          
 [obj] 69.47967271797494                                                                                                                                                                                   
[Iteration] 27 [parameters] [-0.43832467, 0.39775912,-0.51039431,-0.06071425, 0.53569743, 0.07510305, 1.28017996, 1.17287039, 0.15219444]                                                                  
 [all_vals] [66.95154692,71.77128612,64.63883917]                                                                                                                                                          
 [obj] 71.77128611608285                                                                                                                                                                                   
[Iteration] 28 [parameters] [-0.38207879, 0.33572454, 0.48670269,-0.13600565, 0.72644006,-0.14949179, 1.00142047, 1.35921795,-0.42806743]                                                                  
 [all_vals] [0.01150601,0.01086679,0.01022756]                                                                                                                                                             
 [obj] 0.01150600869342879       
[Iteration] 29 [parameters] [-0.73506706, 0.35133782,-0.5156656 ,-0.05332203, 0.46081022, 0.18958601, 0.81317374, 1.44726062, 0.38931337]                                                                  
 [all_vals] [0.01086679,0.01086679,0.00958834]                                                                                                                                                             
 [obj] 0.010866785988238302                                                                                                                                                                                
[Iteration] 30 [parameters] [-0.38457457, 0.72065666, 0.10092947,-0.03673494, 0.68756203, 0.32409254, 0.82325588, 0.83747175, 0.27115726]                                                                  
 [all_vals] [0.01086679,0.01086679,0.01150601]                                                                                                                                                             
 [obj] 0.01150600869342879                                                                                                                                                                                 
[Iteration] 31 [parameters] [-0.45195744, 0.44766566,-0.39847022,-0.03297878, 0.85150291, 0.32059979, 1.45513656, 1.45668447, 0.49275641]                                                                  
 [all_vals] [45.41996932,57.97686014,48.67361289]                                                                                                                                                          
 [obj] 57.976860138072105                                                                                                                                                                                  
[Iteration] 32 [parameters] [-0.74468769, 0.38570902,-0.4342897 ,-0.12472876, 0.64519361,-0.31701131, 1.02780282, 1.22344558,-0.32708307]                                                                  
 [all_vals] [81.05663513,73.41281002,76.19918179]                                                                                                                                                          
 [obj] 81.05663513167988                                                                                                                                                                                   
[Iteration] 33 [parameters] [-0.25127089, 0.79760493,-0.28857031,-0.08779626, 0.67708253, 0.44130117, 1.40059643, 1.2653876 , 0.27492217]                                                                  
 [all_vals] [0.01150601,0.01214523,0.01214523]                                                                                                                                                             
 [obj] 0.01214523139861928                                                                                                                                                                                 
[Iteration] 34 [parameters] [-0.74912831, 0.53893905, 0.18188023,-0.03443751, 0.47055747, 0.50873414, 1.45852432, 0.83546889,-0.32877635]                                                                  
 [all_vals] [59.16837126,57.53835336,56.06174891]                                                                                                                                                          
 [obj] 59.16837126054717                                                                                                                                                                                   
[Iteration] 35 [parameters] [-0.36515135, 0.57480901, 0.11584992,-0.14206192, 0.63894472, 0.08506588, 1.07923354, 1.38180332, 0.41119783]                                                                  
 [all_vals] [0.01022756,0.01086679,0.01086679]                                                                                                                                                             
 [obj] 0.010866785988238302   
[Iteration] 36 [parameters] [-0.43163487, 0.6233486 , 0.20290087,-0.0909992 , 0.78636227, 0.35853045, 1.18573819, 1.23049501,-0.21737383]                                                                  
 [all_vals] [0.01150601,0.01150601,0.01086679]                                                                                                                                                             
 [obj] 0.01150600869342879                                                                                                                                                                                 
[Iteration] 37 [parameters] [-0.56986365, 0.39854678, 0.17471889,-0.13292616, 0.52949323,-0.45421199, 1.00417279, 1.31355652, 0.02096568]                                                                  
 [all_vals] [54.27576068,64.14472002,67.57670672]                                                                                                                                                          
 [obj] 67.57670672462285                                                                                                                                                                                   
[Iteration] 38 [parameters] [-0.69191761, 0.36427342,-0.1553747 ,-0.11043528, 0.61976095, 0.23860859, 1.44248134, 1.14467659, 0.04255382]                                                                  
 [all_vals] [56.80900026,67.17463564,69.46624904]                                                                                                                                                          
 [obj] 69.46624904116594                                                                                                                                                                                   
[Iteration] 39 [parameters] [-0.26292908, 0.6395117 ,-0.07604985,-0.02252258, 0.47550024, 0.37427042, 0.80288766, 1.49813678, 0.40882266]                                                                  
 [all_vals] [0.01022756,0.01150601,0.01214523]                                                                                                                                                             
 [obj] 0.01214523139861928                                                                                                                                                                                 
[Iteration] 40 [parameters] [-0.38793465, 0.41353463,-0.01891859, 0.02086851, 0.36022647, 0.20762409, 0.95592712, 0.99585712,-0.078961  ]                                                                  
 [all_vals] [34.15430836, 2.80171312, 2.02441831]                                                                                                                                                          
 [obj] 34.15430836103298                                                                                                                                                                                   
[Iteration] 41 [parameters] [-0.61442132, 0.71636773, 0.2323455 ,-0.14599486, 0.58052224,-0.09114057, 1.15109495, 1.41658947, 0.06401018]                                                                  
 [all_vals] [62.36959857,53.87624648,51.13973408]                                                                                                                                                          
 [obj] 62.369598568141136                                                                                                                                                                                  
[Iteration] 42 [parameters] [-0.21944066, 0.31136664, 0.52577091, 0.00949887, 0.56724977,-0.21686717, 1.19852533, 1.37075256, 0.14400301]                                                                  
 [all_vals] [3.62375352,1.31615955,5.02109435]                                                                                                                                                             
 [obj] 5.021094349271286    
[Iteration] 43 [parameters] [-0.33949195, 0.85064687,-0.40945523,-0.06431746, 0.80019082,-0.30933209, 1.44587094, 0.87508039, 0.13533666]                                                                  
 [all_vals] [0.01150601,0.01022756,0.01150601]                                                                                                                                                             
 [obj] 0.01150600869342879                                                                                                                                                                                 
[Iteration] 44 [parameters] [-0.3799313 , 0.33481122, 0.00322409,-0.08349875, 0.48740337,-0.10517994, 1.28264595, 1.09876168,-0.13916341]                                                                  
 [all_vals] [34.80631552,56.55075428,35.28956789]                                                                                                                                                          
 [obj] 56.55075428279213                                                                                                                                                                                   
[Iteration] 45 [parameters] [-0.52276871, 0.37335174, 0.44420746,-0.00602134, 0.55092465,-0.05222672, 1.14902622, 1.43674491, 0.34533493]
 [all_vals] [73.33802097,69.16709282,54.71426745]
 [obj] 73.33802096650473
[Iteration] 46 [parameters] [-0.25010317, 0.49619752,-0.49308809, 0.02645269, 0.76808212, 0.53569938, 1.27020339, 1.00394413, 0.36917987]
 [all_vals] [ 0.01086679,22.25134237, 0.78368704]
 [obj] 22.251342367680902
[Iteration] 47 [parameters] [-0.74506508, 0.59488404, 0.43167211, 0.00502065, 0.35172642, 0.20137869, 0.89941751, 0.8412523 ,-0.34571738]
 [all_vals] [59.63628228,46.25671184,55.97801074]
 [obj] 59.63628228074661
[Iteration] 48 [parameters] [-0.26175441, 0.37675201,-0.18916563, 0.0031629 , 0.70605853,-0.43437849, 0.99351419, 1.35567115, 0.02484973]
 [all_vals] [ 0.01022756,22.65021734, 0.00958834]
 [obj] 22.650217335719766
[Iteration] 49 [parameters] [-0.56897632, 0.30423789, 0.48461531,-0.01075678, 0.76707625,-0.45959617, 1.10619328, 1.1570749 , 0.19055709]
 [all_vals] [46.92661723,56.39222705,53.35975454]
 [obj] 56.39222705190489
[Iteration] 50 [parameters] [-0.53310269, 0.79335286,-0.36410051,-0.09841016, 0.40937894, 0.0242237 , 1.3143089 , 1.24377941, 0.05281134]
 [all_vals] [ 8.10023012,43.41856303,60.73446689]
 [obj] 60.734466888263874