NLOPT DIRECT_L
# Define the right impedance controller
Kq_mat = np.diag( [ 15.0, 15.0, 8.0, 10.0, 3.0, 12.0, 1.5 ]  )
Bq_mat = 0.2 * Kq_mat
lb    = np.array( [ -0.80, 0.20, -0.85, -0.10, 0.20, -0.85, 0.6, 0.6, -0.7 ] )
ub    = np.array( [  0.00, 1.00,  0.85,  0.10, 1.00,  0.85, 1.5, 1.5,  0.7 ] )
n_opt = 9

 
# Movements over 90%
[Iteration] 2 [parameters] [-0.66666667, 0.6       , 0.        , 0.        , 0.6       , 0.        , 1.05      , 1.05      , 0.        ]                                                                   
 [all_vals] [90.04730248,79.71874201,88.49399131]                                                                                                                                                          
 [obj] 90.0473024801841      
[Iteration] 23 [parameters] [-0.66666667, 0.6       , 0.56666667, 0.        , 0.6       , 0.        , 1.05      , 1.05      , 0.        ]                                                                  
 [all_vals] [87.14267451,93.05804142,89.21886985]                                                                                                                                                          
 [obj] 93.0580414216313      
 [Iteration] 40 [parameters] [-0.66666667, 0.6       , 0.56666667, 0.        , 0.33333333, 0.        , 1.05      , 1.05      , 0.        ]                                                                  
 [all_vals] [84.89452825,93.68895423,85.19815904]                                                                                                                                                          
 [obj] 93.68895423165431      
 [Iteration] 42 [parameters] [-0.66666667, 0.6       , 0.56666667, 0.        , 0.6       ,-0.56666667, 1.05      , 1.05      , 0.        ]                                                                  
 [all_vals] [91.35323447,96.56226029,95.14446433]                                                                                                                                                          
 [obj] 96.56226029148556   
 [Iteration] 44 [parameters] [-0.66666667, 0.6       , 0.56666667, 0.        , 0.6       , 0.        , 0.75      , 1.05      , 0.        ]
 [all_vals] [87.84518026,84.47583738,92.10432115]
 [obj] 92.10432114548709
[Iteration] 50 [parameters] [-0.66666667, 0.33333333, 0.56666667, 0.        , 0.6       ,-0.56666667, 1.05      , 1.05      , 0.        ]
 [all_vals] [86.00102276,93.17821529,89.94183073]
 [obj] 93.1782152902071
 
[Iteration] 1 [parameters] [-0.4 , 0.6 , 0.  , 0.  , 0.6 , 0.  , 1.05, 1.05, 0.  ]                                                                                                                         
 [all_vals] [47.86691383,50.97673229,56.22730759]                                                                                                                                                          
 [obj] 56.22730759396573                                                                                                                                                                                   
[Iteration] 2 [parameters] [-0.66666667, 0.6       , 0.        , 0.        , 0.6       , 0.        , 1.05      , 1.05      , 0.        ]                                                                   
 [all_vals] [90.04730248,79.71874201,88.49399131]                                                                                                                                                          
 [obj] 90.0473024801841                                                                                                                                                                                    
[Iteration] 3 [parameters] [-0.13333333, 0.6       , 0.        , 0.        , 0.6       , 0.        , 1.05      , 1.05      , 0.        ]                                                                   
 [all_vals] [0.01086679,0.01086679,0.01086679]                                                                                                                                                             
 [obj] 0.010866785988238302                                                                                                                                                                                
[Iteration] 4 [parameters] [-0.4       , 0.33333333, 0.        , 0.        , 0.6       , 0.        , 1.05      , 1.05      , 0.        ]                                                                   
 [all_vals] [66.4836359 ,61.65494758,64.90092048]                                                                                                                                                          
 [obj] 66.48363589874712     
[Iteration] 5 [parameters] [-0.4       , 0.86666667, 0.        , 0.        , 0.6       , 0.        , 1.05      , 1.05      , 0.        ]                                                                   
 [all_vals] [ 0.01086679, 0.01086679,17.62209154]                                                                                                                                                          
 [obj] 17.622091536691382                                                                                                                                                                                  
[Iteration] 6 [parameters] [-0.4       , 0.6       ,-0.56666667, 0.        , 0.6       , 0.        , 1.05      , 1.05      , 0.        ]                                                                   
 [all_vals] [72.00204551,60.08309895,64.86512401]                                                                                                                                                          
 [obj] 72.00204551265661                                                                                                                                                                                   
[Iteration] 7 [parameters] [-0.4       , 0.6       , 0.56666667, 0.        , 0.6       , 0.        , 1.05      , 1.05      , 0.        ]                                                                   
 [all_vals] [53.2037842 ,51.42290974,48.58092559]                                                                                                                                                          
 [obj] 53.20378419841473                                                                                                                                                                                   
[Iteration] 8 [parameters] [-0.4       , 0.6       , 0.        ,-0.06666667, 0.6       , 0.        , 1.05      , 1.05      , 0.        ]                                                                   
 [all_vals] [52.61378164,52.57862439,52.79084633]                                                                                                                                                          
 [obj] 52.790846330861676                                                                                                                                                                                  
[Iteration] 9 [parameters] [-0.4       , 0.6       , 0.        , 0.06666667, 0.6       , 0.        , 1.05      , 1.05      , 0.        ]                                                                   
 [all_vals] [51.28355919,53.36678599,59.38954232]                                                                                                                                                          
 [obj] 59.389542316543086                                                                                                                                                                                  
[Iteration] 10 [parameters] [-0.4       , 0.6       , 0.        , 0.        , 0.33333333, 0.        , 1.05      , 1.05      , 0.        ]                                                                  
 [all_vals] [72.00332396,73.05612375,74.16006137]                                                                                                                                                          
 [obj] 74.1600613653797                                                                                                                                                                                    
[Iteration] 11 [parameters] [-0.4       , 0.6       , 0.        , 0.        , 0.86666667, 0.        , 1.05      , 1.05      , 0.        ]                                                                  
 [all_vals] [36.43825109,30.83546408,25.14126822]                                                                                                                                                          
 [obj] 36.4382510866786                                                                                                                                                                                    
[Iteration] 12 [parameters] [-0.4       , 0.6       , 0.        , 0.        , 0.6       ,-0.56666667, 1.05      , 1.05      , 0.        ]                                                                  
 [all_vals] [73.28049092,68.54001534,67.31846075]                                                                                                                                                          
 [obj] 73.28049092303759
[Iteration] 13 [parameters] [-0.4       , 0.6       , 0.        , 0.        , 0.6       , 0.56666667, 1.05      , 1.05      , 0.        ]                                                          
 [all_vals] [27.8547686 , 0.01150601, 0.01150601]                                                                                                                                                          
 [obj] 27.85476860138072                                                                                                                                                                                   
[Iteration] 14 [parameters] [-0.4 , 0.6 , 0.  , 0.  , 0.6 , 0.  , 0.75, 1.05, 0.  ]                                                                                                                        
 [all_vals] [44.414472  ,49.06609563,49.22462286]                                                                                                                                                          
 [obj] 49.22462285860394                                                                                                                                                                                   
[Iteration] 15 [parameters] [-0.4 , 0.6 , 0.  , 0.  , 0.6 , 0.  , 1.35, 1.05, 0.  ]                                                                                                                        
 [all_vals] [57.7505753 ,57.8125799 ,54.87663002]                                                                                                                                                          
 [obj] 57.812579902838145                                                                                                                                                                                  
[Iteration] 16 [parameters] [-0.4 , 0.6 , 0.  , 0.  , 0.6 , 0.  , 1.05, 0.75, 0.  ]                                                                                                                        
 [all_vals] [49.12554334,48.38468422,49.03477372]                                                                                                                                                          
 [obj] 49.12554333929941                                                                                                                                                                                   
[Iteration] 17 [parameters] [-0.4 , 0.6 , 0.  , 0.  , 0.6 , 0.  , 1.05, 1.35, 0.  ]                                                                                                                        
 [all_vals] [67.15290207,56.42802352,61.323191  ]                                                                                                                                                          
 [obj] 67.15290207108157                                                                                                                                                                                   
[Iteration] 18 [parameters] [-0.4       , 0.6       , 0.        , 0.        , 0.6       , 0.        , 1.05      , 1.05      ,-0.46666667]                                                                  
 [all_vals] [0.01086679,0.01150601,0.01150601]                                                                                                                                                             
 [obj] 0.01150600869342879                                                                                                                                                                                 
[Iteration] 19 [parameters] [-0.4       , 0.6       , 0.        , 0.        , 0.6       , 0.        , 1.05      , 1.05      , 0.46666667]                                                                  
 [all_vals] [65.08118128,63.60201994,65.08885196]                                                                                                                                                          
 [obj] 65.08885195602147     
[Iteration] 20 [parameters] [-0.66666667, 0.33333333, 0.        , 0.        , 0.6       , 0.        , 1.05      , 1.05      , 0.        ]                                                                  
 [all_vals] [73.95806699,73.69470724,66.60892355]                                                                                                                                                          
 [obj] 73.9580669905395                                                                                                                                                                                    
[Iteration] 21 [parameters] [-0.66666667, 0.86666667, 0.        , 0.        , 0.6       , 0.        , 1.05      , 1.05      , 0.        ]                                                                  
 [all_vals] [84.93671695,83.48312452,81.00869343]                                                                                                                                                          
 [obj] 84.93671695218615                                                                                                                                                                                   
[Iteration] 22 [parameters] [-0.66666667, 0.6       ,-0.56666667, 0.        , 0.6       , 0.        , 1.05      , 1.05      , 0.        ]                                                                  
 [all_vals] [74.73983636,77.53132191,81.27588852]                                                                                                                                                          
 [obj] 81.27588851956021                                                                                                                                                                                   
[Iteration] 23 [parameters] [-0.66666667, 0.6       , 0.56666667, 0.        , 0.6       , 0.        , 1.05      , 1.05      , 0.        ]                                                                  
 [all_vals] [87.14267451,93.05804142,89.21886985]                                                                                                                                                          
 [obj] 93.0580414216313                                                                                                                                                                                    
[Iteration] 24 [parameters] [-0.66666667, 0.6       , 0.        ,-0.06666667, 0.6       , 0.        , 1.05      , 1.05      , 0.        ]                                                                  
 [all_vals] [79.69636922,86.44528254,86.45359243]                                                                                                                                                          
 [obj] 86.45359243160317                                                                                                                                                                                   
[Iteration] 25 [parameters] [-0.66666667, 0.6       , 0.        , 0.06666667, 0.6       , 0.        , 1.05      , 1.05      , 0.        ]                                                                  
 [all_vals] [79.11275889,74.76220915,77.07683457]                                                                                                                                                          
 [obj] 79.1127588851956                                                                                                                                                                                    
[Iteration] 26 [parameters] [-0.66666667, 0.6       , 0.        , 0.        , 0.33333333, 0.        , 1.05      , 1.05      , 0.        ]                                                                  
 [all_vals] [78.55471746,75.17642547,77.63040143]                                                                                                                                                          
 [obj] 78.5547174635643                                                                                                                                                                                    
[Iteration] 27 [parameters] [-0.66666667, 0.6       , 0.        , 0.        , 0.86666667, 0.        , 1.05      , 1.05      , 0.        ]                                                                  
 [all_vals] [44.70595756,63.61416518, 0.01150601]                                                                                                                                                          
 [obj] 63.61416517514702    
[Iteration] 28 [parameters] [-0.66666667, 0.6       , 0.        , 0.        , 0.6       ,-0.56666667, 1.05      , 1.05      , 0.        ]                                                                  
 [all_vals] [84.00792636,83.42175914,80.86742521]                                                                                                                                                          
 [obj] 84.00792636154436                                                                                                                                                                                   
[Iteration] 29 [parameters] [-0.66666667, 0.6       , 0.        , 0.        , 0.6       , 0.56666667, 1.05      , 1.05      , 0.        ]                                                                  
 [all_vals] [28.49782664,61.31168499,19.11275889]                                                                                                                                                          
 [obj] 61.31168499105088                                                                                                                                                                                   
[Iteration] 30 [parameters] [-0.66666667, 0.6       , 0.        , 0.        , 0.6       , 0.        , 0.75      , 1.05      , 0.        ]                                                                  
 [all_vals] [76.95538226,83.78675531,83.08488878]                                                                                                                                                          
 [obj] 83.78675530554845                                                                                                                                                                                   
[Iteration] 31 [parameters] [-0.66666667, 0.6       , 0.        , 0.        , 0.6       , 0.        , 1.35      , 1.05      , 0.        ]                                                                  
 [all_vals] [72.73587318,78.47609307,82.03208898]                                                                                                                                                          
 [obj] 82.03208897980056                                                                                                                                                                                   
[Iteration] 32 [parameters] [-0.66666667, 0.6       , 0.        , 0.        , 0.6       , 0.        , 1.05      , 0.75      , 0.        ]                                                                  
 [all_vals] [82.78828944,80.67054462,77.91805165]                                                                                                                                                          
 [obj] 82.78828944004091                                                                                                                                                                                   
[Iteration] 33 [parameters] [-0.66666667, 0.6       , 0.        , 0.        , 0.6       , 0.        , 1.05      , 1.35      , 0.        ]                                                                  
 [all_vals] [74.76220915,80.56635132,82.10751726]                                                                                                                                                          
 [obj] 82.10751725901304                                                                                                                                                                                   
[Iteration] 34 [parameters] [-0.66666667, 0.6       , 0.        , 0.        , 0.6       , 0.        , 1.05      , 1.05      ,-0.46666667]                                                                  
 [all_vals] [46.32191255,46.78726668,45.44425978]                                                                                                                                                          
 [obj] 46.7872666837126    
[Iteration] 35 [parameters] [-0.66666667, 0.6       , 0.        , 0.        , 0.6       , 0.        , 1.05      , 1.05      , 0.46666667]                                                    
 [all_vals] [51.26054717,58.11621069,71.71823063]                                                                                                                                                          
 [obj] 71.71823063155203                                                                                                                                                                                   
[Iteration] 36 [parameters] [-0.66666667, 0.33333333, 0.56666667, 0.        , 0.6       , 0.        , 1.05      , 1.05      , 0.        ]                                                                  
 [all_vals] [76.53413449,81.71311685,73.21209409]                                                                                                                                                          
 [obj] 81.7131168499105                                                                                                                                                                                    
[Iteration] 37 [parameters] [-0.66666667, 0.86666667, 0.56666667, 0.        , 0.6       , 0.        , 1.05      , 1.05      , 0.        ]                                                                  
 [all_vals] [83.88711327,77.75952442,82.82472513]                                                                                                                                                          
 [obj] 83.88711327026336                                                                                                                                                                                   
[Iteration] 38 [parameters] [-0.66666667, 0.6       , 0.56666667,-0.06666667, 0.6       , 0.        , 1.05      , 1.05      , 0.        ]                                                                  
 [all_vals] [87.05126566,82.96279724,84.54870877]                                                                                                                                                          
 [obj] 87.05126566095628                                                                                                                                                                                   
[Iteration] 39 [parameters] [-0.66666667, 0.6       , 0.56666667, 0.06666667, 0.6       , 0.        , 1.05      , 1.05      , 0.        ]                                                                  
 [all_vals] [84.22781897,88.45819484,85.24929686]                                                                                                                                                          
 [obj] 88.45819483508053                                                                                                                                                                                   
[Iteration] 40 [parameters] [-0.66666667, 0.6       , 0.56666667, 0.        , 0.33333333, 0.        , 1.05      , 1.05      , 0.        ]                                                                  
 [all_vals] [84.89452825,93.68895423,85.19815904]                                                                                                                                                          
 [obj] 93.68895423165431                                                                                                                                                                                   
[Iteration] 41 [parameters] [-0.66666667, 0.6       , 0.56666667, 0.        , 0.86666667, 0.        , 1.05      , 1.05      , 0.        ]                                                                  
 [all_vals] [36.4273843 , 0.01086679,58.97212989]                                                                                                                                                          
 [obj] 58.972129890053694                                                                                                                                                                                  
[Iteration] 42 [parameters] [-0.66666667, 0.6       , 0.56666667, 0.        , 0.6       ,-0.56666667, 1.05      , 1.05      , 0.        ]                                                                  
 [all_vals] [91.35323447,96.56226029,95.14446433]                                                                                                                                                          
 [obj] 96.56226029148556   
[Iteration] 43 [parameters] [-0.66666667, 0.6       , 0.56666667, 0.        , 0.6       , 0.56666667, 1.05      , 1.05      , 0.        ]                                                                  
 [all_vals] [51.38072104,60.16172334,61.59102531]                                                                                                                                                          
 [obj] 61.59102531321913                                                                                                                                                                                   
[Iteration] 44 [parameters] [-0.66666667, 0.6       , 0.56666667, 0.        , 0.6       , 0.        , 0.75      , 1.05      , 0.        ]
 [all_vals] [87.84518026,84.47583738,92.10432115]
 [obj] 92.10432114548709
[Iteration] 45 [parameters] [-0.66666667, 0.6       , 0.56666667, 0.        , 0.6       , 0.        , 1.35      , 1.05      , 0.        ]
 [all_vals] [79.73408335,83.03886474,74.56213245]
 [obj] 83.03886474047559
[Iteration] 46 [parameters] [-0.66666667, 0.6       , 0.56666667, 0.        , 0.6       , 0.        , 1.05      , 0.75      , 0.        ]
 [all_vals] [89.42533879,85.42700077,86.19215035]
 [obj] 89.42533878803374
[Iteration] 47 [parameters] [-0.66666667, 0.6       , 0.56666667, 0.        , 0.6       , 0.        , 1.05      , 1.35      , 0.        ]
 [all_vals] [81.71503452,81.47340834,78.5502429 ]
 [obj] 81.71503451802607
[Iteration] 48 [parameters] [-0.66666667, 0.6       , 0.56666667, 0.        , 0.6       , 0.        , 1.05      , 1.05      ,-0.46666667]
 [all_vals] [47.09920736,48.68575812,45.73830222]
 [obj] 48.685758118128355
[Iteration] 49 [parameters] [-0.66666667, 0.6       , 0.56666667, 0.        , 0.6       , 0.        , 1.05      , 1.05      , 0.46666667]
 [all_vals] [69.00409103,76.91894656,72.62145231]
 [obj] 76.91894656098185
[Iteration] 50 [parameters] [-0.66666667, 0.33333333, 0.56666667, 0.        , 0.6       ,-0.56666667, 1.05      , 1.05      , 0.        ]
 [all_vals] [86.00102276,93.17821529,89.94183073]
 [obj] 93.1782152902071