[Iteration] 1 [parameters] [-0.325, 0.57 ,-0.505,-0.325, 0.57 ,-0.505, 1.05 , 1.05 ,-0.05 ] [obj] 0.4006735961906974
[Iteration] 2 [parameters] [-0.325, 0.57 ,-0.505,-0.325, 0.57 ,-0.505, 1.05 , 0.75 ,-0.05 ] [obj] 0.2787294582196156
[Iteration] 3 [parameters] [-0.325, 0.57 ,-0.505,-0.325, 0.57 ,-0.505, 1.05 , 1.35 ,-0.05 ] [obj] 24.81418036118692
[Iteration] 4 [parameters] [-0.325, 0.57 ,-0.675,-0.325, 0.57 ,-0.505, 1.05 , 1.35 ,-0.05 ] [obj] 0.005806863712908658
[Iteration] 5 [parameters] [-0.325, 0.57 ,-0.335,-0.325, 0.57 ,-0.505, 1.05 , 1.35 ,-0.05 ] [obj] 0.005806863712908658
[Iteration] 6 [parameters] [-0.325, 0.57 ,-0.505,-0.325, 0.57 ,-0.675, 1.05 , 1.35 ,-0.05 ] [obj] 0.0072585796411358235
[Iteration] 7 [parameters] [-0.325, 0.57 ,-0.505,-0.325, 0.57 ,-0.335, 1.05 , 1.35 ,-0.05 ] [obj] 0.005806863712908658
[Iteration] 8 [parameters] [-0.54166667, 0.57      ,-0.505     ,-0.325     , 0.57      ,-0.505     , 1.05      , 1.35      ,-0.05      ] [obj] 0.0072585796411358235
[Iteration] 9 [parameters] [-0.10833333, 0.57      ,-0.505     ,-0.325     , 0.57      ,-0.505     , 1.05      , 1.35      ,-0.05      ] [obj] 0.0072585796411358235
[Iteration] 10 [parameters] [-0.325     , 0.57      ,-0.505     ,-0.54166667, 0.57      ,-0.505     , 1.05      , 1.35      ,-0.05      ] [obj] 0.0072585796411358235
[Iteration] 11 [parameters] [-0.325     , 0.57      ,-0.505     ,-0.10833333, 0.57      ,-0.505     , 1.05      , 1.35      ,-0.05      ] [obj] 0.0072585796411358235
[Iteration] 12 [parameters] [-0.325     , 0.57      ,-0.505     ,-0.325     , 0.57      ,-0.505     , 1.05      , 1.35      ,-0.41666667] [obj] 0.005806863712908658
[Iteration] 13 [parameters] [-0.325     , 0.57      ,-0.505     ,-0.325     , 0.57      ,-0.505     , 1.05      , 1.35      , 0.31666667] [obj] 0.005806863712908658
[Iteration] 14 [parameters] [-0.325, 0.57 ,-0.505,-0.325, 0.57 ,-0.505, 0.75 , 1.35 ,-0.05 ] [obj] 0.005806863712908658
[Iteration] 15 [parameters] [-0.325, 0.57 ,-0.505,-0.325, 0.57 ,-0.505, 1.35 , 1.35 ,-0.05 ] [obj] 0.005806863712908658
[Iteration] 16 [parameters] [-0.325     , 0.57      ,-0.505     ,-0.325     , 0.39666667,-0.505     , 1.05      , 1.35      ,-0.05      ] [obj] 0.0072585796411358235
[Iteration] 17 [parameters] [-0.325     , 0.57      ,-0.505     ,-0.325     , 0.74333333,-0.505     , 1.05      , 1.35      ,-0.05      ] [obj] 0.0072585796411358235
[Iteration] 18 [parameters] [-0.325     , 0.39666667,-0.505     ,-0.325     , 0.57      ,-0.505     , 1.05      , 1.35      ,-0.05      ] [obj] 0.0072585796411358235
[Iteration] 19 [parameters] [-0.325     , 0.74333333,-0.505     ,-0.325     , 0.57      ,-0.505     , 1.05      , 1.35      ,-0.05      ] [obj] 0.0072585796411358235
[Iteration] 20 [parameters] [-0.325     , 0.51222222,-0.505     ,-0.325     , 0.57      ,-0.505     , 1.05      , 1.35      ,-0.05      ] [obj] 0.005806863712908658
[Iteration] 21 [parameters] [-0.325     , 0.62777778,-0.505     ,-0.325     , 0.57      ,-0.505     , 1.05      , 1.35      ,-0.05      ] [obj] 0.0072585796411358235
[Iteration] 22 [parameters] [-0.325     , 0.57      ,-0.505     ,-0.54166667, 0.57      ,-0.505     , 1.05      , 1.05      ,-0.05      ] [obj] 0.0072585796411358235
[Iteration] 23 [parameters] [-0.325     , 0.57      ,-0.505     ,-0.10833333, 0.57      ,-0.505     , 1.05      , 1.05      ,-0.05      ] [obj] 0.005806863712908658
[Iteration] 24 [parameters] [-0.325     , 0.57      ,-0.505     ,-0.325     , 0.57      ,-0.56166667, 1.05      , 1.35      ,-0.05      ] [obj] 0.0072585796411358235
[Iteration] 25 [parameters] [-0.325     , 0.57      ,-0.505     ,-0.325     , 0.57      ,-0.44833333, 1.05      , 1.35      ,-0.05      ] [obj] 0.005806863712908658
[Iteration] 26 [parameters] [-0.325     , 0.57      ,-0.505     ,-0.325     , 0.39666667,-0.505     , 1.05      , 1.05      ,-0.05      ] [obj] 0.0072585796411358235
[Iteration] 27 [parameters] [-0.325     , 0.57      ,-0.505     ,-0.325     , 0.74333333,-0.505     , 1.05      , 1.05      ,-0.05      ] [obj] 0.0072585796411358235
[Iteration] 28 [parameters] [-0.39722222, 0.57      ,-0.505     ,-0.325     , 0.57      ,-0.505     , 1.05      , 1.35      ,-0.05      ] [obj] 0.0072585796411358235
[Iteration] 29 [parameters] [-0.25277778, 0.57      ,-0.505     ,-0.325     , 0.57      ,-0.505     , 1.05      , 1.35      ,-0.05      ] [obj] 0.0072585796411358235
[Iteration] 30 [parameters] [-0.54166667, 0.57      ,-0.505     ,-0.325     , 0.57      ,-0.505     , 1.05      , 1.05      ,-0.05      ] [obj] 0.0072585796411358235
[Iteration] 31 [parameters] [-0.10833333, 0.57      ,-0.505     ,-0.325     , 0.57      ,-0.505     , 1.05      , 1.05      ,-0.05      ] [obj] 0.005806863712908658
[Iteration] 32 [parameters] [-0.325     , 0.57      ,-0.56166667,-0.325     , 0.57      ,-0.505     , 1.05      , 1.35      ,-0.05      ] [obj] 0.005806863712908658
[Iteration] 33 [parameters] [-0.325     , 0.57      ,-0.44833333,-0.325     , 0.57      ,-0.505     , 1.05      , 1.35      ,-0.05      ] [obj] 0.005806863712908658
[Iteration] 34 [parameters] [-0.325, 0.57 ,-0.505,-0.325, 0.57 ,-0.505, 0.75 , 1.05 ,-0.05 ] [obj] 0.005806863712908658
[Iteration] 35 [parameters] [-0.325, 0.57 ,-0.505,-0.325, 0.57 ,-0.505, 1.35 , 1.05 ,-0.05 ] [obj] 0.005806863712908658
[Iteration] 36 [parameters] [-0.325     , 0.57      ,-0.505     ,-0.39722222, 0.57      ,-0.505     , 1.05      , 1.35      ,-0.05      ] [obj] 0.005806863712908658
[Iteration] 37 [parameters] [-0.325     , 0.57      ,-0.505     ,-0.25277778, 0.57      ,-0.505     , 1.05      , 1.35      ,-0.05      ] [obj] 0.005806863712908658
[Iteration] 38 [parameters] [-0.325, 0.57 ,-0.675,-0.325, 0.57 ,-0.505, 1.05 , 1.05 ,-0.05 ] [obj] 0.0072585796411358235
[Iteration] 39 [parameters] [-0.325, 0.57 ,-0.335,-0.325, 0.57 ,-0.505, 1.05 , 1.05 ,-0.05 ] [obj] 0.005806863712908658
[Iteration] 40 [parameters] [-0.325, 0.57 ,-0.505,-0.325, 0.57 ,-0.505, 0.95 , 1.35 ,-0.05 ] [obj] 0.005806863712908658
[Iteration] 41 [parameters] [-0.325, 0.57 ,-0.505,-0.325, 0.57 ,-0.505, 1.15 , 1.35 ,-0.05 ] [obj] 0.005806863712908658
[Iteration] 42 [parameters] [-0.325, 0.57 ,-0.505,-0.325, 0.57 ,-0.675, 1.05 , 1.05 ,-0.05 ] [obj] 0.005806863712908658
[Iteration] 43 [parameters] [-0.325, 0.57 ,-0.505,-0.325, 0.57 ,-0.335, 1.05 , 1.05 ,-0.05 ] [obj] 0.005806863712908658
[Iteration] 44 [parameters] [-0.325     , 0.57      ,-0.505     ,-0.325     , 0.51222222,-0.505     , 1.05      , 1.35      ,-0.05      ] [obj] 0.005806863712908658
[Iteration] 45 [parameters] [-0.325     , 0.57      ,-0.505     ,-0.325     , 0.62777778,-0.505     , 1.05      , 1.35      ,-0.05      ] [obj] 0.005806863712908658
[Iteration] 46 [parameters] [-0.325     , 0.39666667,-0.505     ,-0.325     , 0.57      ,-0.505     , 1.05      , 1.05      ,-0.05      ] [obj] 0.005806863712908658
[Iteration] 47 [parameters] [-0.325     , 0.74333333,-0.505     ,-0.325     , 0.57      ,-0.505     , 1.05      , 1.05      ,-0.05      ] [obj] 0.005806863712908658
[Iteration] 48 [parameters] [-0.325     , 0.57      ,-0.505     ,-0.325     , 0.57      ,-0.505     , 1.05      , 1.35      ,-0.17222222] [obj] 0.005806863712908658
[Iteration] 49 [parameters] [-0.325     , 0.57      ,-0.505     ,-0.325     , 0.57      ,-0.505     , 1.05      , 1.35      , 0.07222222] [obj] 0.005806863712908658
[Iteration] 50 [parameters] [-0.325     , 0.57      ,-0.505     ,-0.325     , 0.57      ,-0.505     , 1.05      , 1.05      ,-0.41666667] [obj] 0.005806863712908658
[Iteration] 51 [parameters] [-0.325     , 0.57      ,-0.505     ,-0.325     , 0.57      ,-0.505     , 1.05      , 1.05      , 0.31666667] [obj] 0.005806863712908658
[Iteration] 52 [parameters] [-0.325, 0.57 ,-0.505,-0.325, 0.57 ,-0.505, 1.05 , 1.25 ,-0.05 ] [obj] 0.005806863712908658
[Iteration] 53 [parameters] [-0.325, 0.57 ,-0.505,-0.325, 0.57 ,-0.505, 1.05 , 1.45 ,-0.05 ] [obj] 0.005806863712908658
[Iteration] 54 [parameters] [-0.325     , 0.39666667,-0.505     ,-0.325     , 0.57      ,-0.505     , 1.05      , 0.75      ,-0.05      ] [obj] 0.005806863712908658
[Iteration] 55 [parameters] [-0.325     , 0.74333333,-0.505     ,-0.325     , 0.57      ,-0.505     , 1.05      , 0.75      ,-0.05      ] [obj] 0.005806863712908658
[Iteration] 56 [parameters] [-0.325     , 0.57      ,-0.505     ,-0.325     , 0.57      ,-0.505     , 1.05      , 1.31666667,-0.05      ] [obj] 0.005806863712908658
[Iteration] 57 [parameters] [-0.325     , 0.57      ,-0.505     ,-0.325     , 0.57      ,-0.505     , 1.05      , 1.38333333,-0.05      ] [obj] 0.005806863712908658
[Iteration] 58 [parameters] [-0.325     , 0.57      ,-0.505     ,-0.325     , 0.57      ,-0.505     , 1.05      , 0.75      ,-0.41666667] [obj] 0.005806863712908658
[Iteration] 59 [parameters] [-0.325     , 0.57      ,-0.505     ,-0.325     , 0.57      ,-0.505     , 1.05      , 0.75      , 0.31666667] [obj] 0.005806863712908658
[Iteration] 60 [parameters] [-0.325     , 0.57      ,-0.505     ,-0.34907407, 0.57      ,-0.505     , 1.05      , 1.35      ,-0.05      ] [obj] 0.005806863712908658
[Iteration] 61 [parameters] [-0.325     , 0.57      ,-0.505     ,-0.30092593, 0.57      ,-0.505     , 1.05      , 1.35      ,-0.05      ] [obj] 0.005806863712908658
[Iteration] 62 [parameters] [-0.325, 0.57 ,-0.505,-0.325, 0.57 ,-0.505, 0.75 , 0.75 ,-0.05 ] [obj] 0.005806863712908658
[Iteration] 63 [parameters] [-0.325, 0.57 ,-0.505,-0.325, 0.57 ,-0.505, 1.35 , 0.75 ,-0.05 ] [obj] 0.005806863712908658
[Iteration] 64 [parameters] [-0.325     , 0.57      ,-0.505     ,-0.325     , 0.55074074,-0.505     , 1.05      , 1.35      ,-0.05      ] [obj] 0.005806863712908658
[Iteration] 65 [parameters] [-0.325     , 0.57      ,-0.505     ,-0.325     , 0.58925926,-0.505     , 1.05      , 1.35      ,-0.05      ] [obj] 0.005806863712908658
[Iteration] 66 [parameters] [-0.325     , 0.57      ,-0.505     ,-0.325     , 0.39666667,-0.505     , 1.05      , 0.75      ,-0.05      ] [obj] 0.005806863712908658
[Iteration] 67 [parameters] [-0.325     , 0.57      ,-0.505     ,-0.325     , 0.74333333,-0.505     , 1.05      , 0.75      ,-0.05      ] [obj] 0.005806863712908658
[Iteration] 68 [parameters] [-0.325     , 0.57      ,-0.505     ,-0.325     , 0.57      ,-0.505     , 1.01666667, 1.35      ,-0.05      ] [obj] 0.005806863712908658
[Iteration] 69 [parameters] [-0.325     , 0.57      ,-0.505     ,-0.325     , 0.57      ,-0.505     , 1.08333333, 1.35      ,-0.05      ] [obj] 0.005806863712908658
[Iteration] 70 [parameters] [-0.325, 0.57 ,-0.675,-0.325, 0.57 ,-0.505, 1.05 , 0.75 ,-0.05 ] [obj] 0.005806863712908658
[Iteration] 71 [parameters] [-0.325, 0.57 ,-0.335,-0.325, 0.57 ,-0.505, 1.05 , 0.75 ,-0.05 ] [obj] 0.005806863712908658
[Iteration] 72 [parameters] [-0.325     , 0.55074074,-0.505     ,-0.325     , 0.57      ,-0.505     , 1.05      , 1.35      ,-0.05      ] [obj] 0.005806863712908658
[Iteration] 73 [parameters] [-0.325     , 0.58925926,-0.505     ,-0.325     , 0.57      ,-0.505     , 1.05      , 1.35      ,-0.05      ] [obj] 0.005806863712908658
[Iteration] 74 [parameters] [-0.325, 0.57 ,-0.505,-0.325, 0.57 ,-0.675, 1.05 , 0.75 ,-0.05 ] [obj] 0.005806863712908658
[Iteration] 75 [parameters] [-0.325, 0.57 ,-0.505,-0.325, 0.57 ,-0.335, 1.05 , 0.75 ,-0.05 ] [obj] 0.005806863712908658
[Iteration] 76 [parameters] [-0.325     , 0.57      ,-0.52388889,-0.325     , 0.57      ,-0.505     , 1.05      , 1.35      ,-0.05      ] [obj] 0.005806863712908658
[Iteration] 77 [parameters] [-0.325     , 0.57      ,-0.48611111,-0.325     , 0.57      ,-0.505     , 1.05      , 1.35      ,-0.05      ] [obj] 0.005806863712908658
[Iteration] 78 [parameters] [-0.325     , 0.57      ,-0.505     ,-0.54166667, 0.57      ,-0.505     , 1.05      , 0.75      ,-0.05      ] [obj] 0.005806863712908658
[Iteration] 79 [parameters] [-0.325     , 0.57      ,-0.505     ,-0.10833333, 0.57      ,-0.505     , 1.05      , 0.75      ,-0.05      ] [obj] 0.005806863712908658
[Iteration] 80 [parameters] [-0.325     , 0.57      ,-0.505     ,-0.325     , 0.57      ,-0.52388889, 1.05      , 1.35      ,-0.05      ] [obj] 0.005806863712908658
[Iteration] 81 [parameters] [-0.325     , 0.57      ,-0.505     ,-0.325     , 0.57      ,-0.48611111, 1.05      , 1.35      ,-0.05      ] [obj] 0.005806863712908658
[Iteration] 82 [parameters] [-0.54166667, 0.57      ,-0.505     ,-0.325     , 0.57      ,-0.505     , 1.05      , 0.75      ,-0.05      ] [obj] 0.005806863712908658
[Iteration] 83 [parameters] [-0.10833333, 0.57      ,-0.505     ,-0.325     , 0.57      ,-0.505     , 1.05      , 0.75      ,-0.05      ] [obj] 0.005806863712908658
[Iteration] 84 [parameters] [-0.325     , 0.57      ,-0.505     ,-0.325     , 0.57      ,-0.505     , 1.05      , 1.35      ,-0.09074074] [obj] 0.005806863712908658
[Iteration] 85 [parameters] [-0.325     , 0.57      ,-0.505     ,-0.325     , 0.57      ,-0.505     , 1.05      , 1.35      ,-0.00925926] [obj] 0.005806863712908658
[Iteration] 86 [parameters] [-0.325     , 0.57      ,-0.505     ,-0.325     , 0.39666667,-0.675     , 1.05      , 1.35      ,-0.05      ] [obj] 0.005806863712908658
[Iteration] 87 [parameters] [-0.325     , 0.57      ,-0.505     ,-0.325     , 0.74333333,-0.675     , 1.05      , 1.35      ,-0.05      ] [obj] 0.005806863712908658
[Iteration] 88 [parameters] [-0.34907407, 0.57      ,-0.505     ,-0.325     , 0.57      ,-0.505     , 1.05      , 1.35      ,-0.05      ] [obj] 0.005806863712908658
[Iteration] 89 [parameters] [-0.30092593, 0.57      ,-0.505     ,-0.325     , 0.57      ,-0.505     , 1.05      , 1.35      ,-0.05      ] [obj] 0.005806863712908658
[Iteration] 90 [parameters] [-0.54166667, 0.57      ,-0.505     ,-0.54166667, 0.57      ,-0.505     , 1.05      , 1.35      ,-0.05      ] [obj] 0.005806863712908658
[Iteration] 91 [parameters] [-0.54166667, 0.57      ,-0.505     ,-0.10833333, 0.57      ,-0.505     , 1.05      , 1.35      ,-0.05      ] [obj] 0.005806863712908658
[Iteration] 92 [parameters] [-0.325    , 0.57     ,-0.5112963,-0.325    , 0.57     ,-0.505    , 1.05     , 1.35     ,-0.05     ] [obj] 0.005806863712908658
[Iteration] 93 [parameters] [-0.325    , 0.57     ,-0.4987037,-0.325    , 0.57     ,-0.505    , 1.05     , 1.35     ,-0.05     ] [obj] 0.005806863712908658
[Iteration] 94 [parameters] [-0.10833333, 0.39666667,-0.505     ,-0.325     , 0.57      ,-0.505     , 1.05      , 1.35      ,-0.05      ] [obj] 0.005806863712908658
[Iteration] 95 [parameters] [-0.10833333, 0.74333333,-0.505     ,-0.325     , 0.57      ,-0.505     , 1.05      , 1.35      ,-0.05      ] [obj] 0.005806863712908658
[Iteration] 96 [parameters] [-0.325     , 0.57      ,-0.505     ,-0.325     , 0.57      ,-0.505     , 1.03888889, 1.35      ,-0.05      ] [obj] 0.005806863712908658
[Iteration] 97 [parameters] [-0.325     , 0.57      ,-0.505     ,-0.325     , 0.57      ,-0.505     , 1.06111111, 1.35      ,-0.05      ] [obj] 0.005806863712908658
[Iteration] 98 [parameters] [-0.325     , 0.57      ,-0.505     ,-0.54166667, 0.57      ,-0.505     , 0.75      , 1.35      ,-0.05      ] [obj] 0.005806863712908658
[Iteration] 99 [parameters] [-0.325     , 0.57      ,-0.505     ,-0.54166667, 0.57      ,-0.505     , 1.35      , 1.35      ,-0.05      ] [obj] 0.005806863712908658
[Iteration] 100 [parameters] [-0.325     , 0.56358025,-0.505     ,-0.325     , 0.57      ,-0.505     , 1.05      , 1.35      ,-0.05      ] [obj] 0.005806863712908658
[Iteration] 101 [parameters] [-0.325     , 0.57641975,-0.505     ,-0.325     , 0.57      ,-0.505     , 1.05      , 1.35      ,-0.05      ] [obj] 0.005806863712908658
[Iteration] 102 [parameters] [-0.325     , 0.57      ,-0.505     ,-0.10833333, 0.57      ,-0.505     , 0.75      , 1.35      ,-0.05      ] [obj] 0.005806863712908658
[Iteration] 103 [parameters] [-0.325     , 0.57      ,-0.505     ,-0.10833333, 0.57      ,-0.505     , 1.35      , 1.35      ,-0.05      ] [obj] 0.005806863712908658
[Iteration] 104 [parameters] [-0.325     , 0.57      ,-0.505     ,-0.325     , 0.57      ,-0.505     , 1.05      , 1.35      ,-0.06358025] [obj] 0.005806863712908658
[Iteration] 105 [parameters] [-0.325     , 0.57      ,-0.505     ,-0.325     , 0.57      ,-0.505     , 1.05      , 1.35      ,-0.03641975] [obj] 0.005806863712908658
[Iteration] 106 [parameters] [-0.325     , 0.39666667,-0.505     ,-0.325     , 0.39666667,-0.505     , 1.05      , 1.35      ,-0.05      ] [obj] 0.005806863712908658
[Iteration] 107 [parameters] [-0.325     , 0.74333333,-0.505     ,-0.325     , 0.39666667,-0.505     , 1.05      , 1.35      ,-0.05      ] [obj] 0.005806863712908658
[Iteration] 108 [parameters] [-0.325     , 0.57      ,-0.505     ,-0.325     , 0.57      ,-0.505     , 1.05      , 1.33888889,-0.05      ] [obj] 0.005806863712908658
[Iteration] 109 [parameters] [-0.325     , 0.57      ,-0.505     ,-0.325     , 0.57      ,-0.505     , 1.05      , 1.36111111,-0.05      ] [obj] 0.005806863712908658
[Iteration] 110 [parameters] [-0.325     , 0.39666667,-0.505     ,-0.325     , 0.74333333,-0.505     , 1.05      , 1.35      ,-0.05      ] [obj] 0.005806863712908658
[Iteration] 111 [parameters] [-0.325     , 0.74333333,-0.505     ,-0.325     , 0.74333333,-0.505     , 1.05      , 1.35      ,-0.05      ] [obj] 0.005806863712908658
[Iteration] 112 [parameters] [-0.325     , 0.57      ,-0.505     ,-0.33302469, 0.57      ,-0.505     , 1.05      , 1.35      ,-0.05      ] [obj] 0.005806863712908658
[Iteration] 113 [parameters] [-0.325     , 0.57      ,-0.505     ,-0.31697531, 0.57      ,-0.505     , 1.05      , 1.35      ,-0.05      ] [obj] 0.005806863712908658
[Iteration] 114 [parameters] [-0.54166667, 0.57      ,-0.505     ,-0.54166667, 0.57      ,-0.505     , 1.05      , 1.05      ,-0.05      ] [obj] 0.005806863712908658
[Iteration] 115 [parameters] [-0.10833333, 0.57      ,-0.505     ,-0.54166667, 0.57      ,-0.505     , 1.05      , 1.05      ,-0.05      ] [obj] 0.005806863712908658
[Iteration] 116 [parameters] [-0.325     , 0.57      ,-0.505     ,-0.325     , 0.56358025,-0.505     , 1.05      , 1.35      ,-0.05      ] [obj] 0.005806863712908658
[Iteration] 117 [parameters] [-0.325     , 0.57      ,-0.505     ,-0.325     , 0.57641975,-0.505     , 1.05      , 1.35      ,-0.05      ] [obj] 0.005806863712908658
[Iteration] 118 [parameters] [-0.325     , 0.39666667,-0.505     ,-0.325     , 0.39666667,-0.505     , 1.05      , 1.05      ,-0.05      ] [obj] 0.005806863712908658
[Iteration] 119 [parameters] [-0.325     , 0.74333333,-0.505     ,-0.325     , 0.39666667,-0.505     , 1.05      , 1.05      ,-0.05      ] [obj] 0.005806863712908658
[Iteration] 120 [parameters] [-0.33302469, 0.57      ,-0.505     ,-0.325     , 0.57      ,-0.505     , 1.05      , 1.35      ,-0.05      ] [obj] 0.005806863712908658
[Iteration] 121 [parameters] [-0.31697531, 0.57      ,-0.505     ,-0.325     , 0.57      ,-0.505     , 1.05      , 1.35      ,-0.05      ] [obj] 0.005806863712908658
[Iteration] 122 [parameters] [-0.54166667, 0.57      ,-0.505     ,-0.325     , 0.74333333,-0.505     , 1.05      , 1.05      ,-0.05      ] [obj] 0.005806863712908658
[Iteration] 123 [parameters] [-0.10833333, 0.57      ,-0.505     ,-0.325     , 0.74333333,-0.505     , 1.05      , 1.05      ,-0.05      ] [obj] 0.005806863712908658
[Iteration] 124 [parameters] [-0.325    , 0.57     ,-0.505    ,-0.325    , 0.57     ,-0.5112963, 1.05     , 1.35     ,-0.05     ] [obj] 0.005806863712908658
[Iteration] 125 [parameters] [-0.325    , 0.57     ,-0.505    ,-0.325    , 0.57     ,-0.4987037, 1.05     , 1.35     ,-0.05     ] [obj] 0.005806863712908658
[Iteration] 126 [parameters] [-0.54166667, 0.57      ,-0.505     ,-0.325     , 0.57      ,-0.505     , 0.75      , 1.05      ,-0.05      ] [obj] 0.005806863712908658
[Iteration] 127 [parameters] [-0.54166667, 0.57      ,-0.505     ,-0.325     , 0.57      ,-0.505     , 1.35      , 1.05      ,-0.05      ] [obj] 0.005806863712908658
[Iteration] 128 [parameters] [-0.325     , 0.57      ,-0.50709877,-0.325     , 0.57      ,-0.505     , 1.05      , 1.35      ,-0.05      ] [obj] 0.005806863712908658
[Iteration] 129 [parameters] [-0.325     , 0.57      ,-0.50290123,-0.325     , 0.57      ,-0.505     , 1.05      , 1.35      ,-0.05      ] [obj] 0.005806863712908658
[Iteration] 130 [parameters] [-0.325, 0.57 ,-0.675,-0.325, 0.57 ,-0.675, 1.05 , 1.05 ,-0.05 ] [obj] 0.005806863712908658
[Iteration] 131 [parameters] [-0.325, 0.57 ,-0.675,-0.325, 0.57 ,-0.335, 1.05 , 1.05 ,-0.05 ] [obj] 0.005806863712908658
[Iteration] 132 [parameters] [-0.3276749, 0.57     ,-0.505    ,-0.325    , 0.57     ,-0.505    , 1.05     , 1.35     ,-0.05     ] [obj] 0.005806863712908658
[Iteration] 133 [parameters] [-0.3223251, 0.57     ,-0.505    ,-0.325    , 0.57     ,-0.505    , 1.05     , 1.35     ,-0.05     ] [obj] 0.005806863712908658
[Iteration] 134 [parameters] [-0.325     , 0.57      ,-0.505     ,-0.325     , 0.57      ,-0.675     , 1.05      , 1.35      ,-0.41666667] [obj] 0.005806863712908658
[Iteration] 135 [parameters] [-0.325     , 0.57      ,-0.505     ,-0.325     , 0.57      ,-0.675     , 1.05      , 1.35      , 0.31666667] [obj] 0.005806863712908658
[Iteration] 136 [parameters] [-0.325     , 0.57      ,-0.505     ,-0.325     , 0.57      ,-0.505     , 1.05      , 1.35      ,-0.05452675] [obj] 0.005806863712908658
[Iteration] 137 [parameters] [-0.325     , 0.57      ,-0.505     ,-0.325     , 0.57      ,-0.505     , 1.05      , 1.35      ,-0.04547325] [obj] 0.005806863712908658
[Iteration] 138 [parameters] [-0.54166667, 0.39666667,-0.505     ,-0.325     , 0.57      ,-0.505     , 1.05      , 1.35      ,-0.05      ] [obj] 0.005806863712908658
[Iteration] 139 [parameters] [-0.54166667, 0.74333333,-0.505     ,-0.325     , 0.57      ,-0.505     , 1.05      , 1.35      ,-0.05      ] [obj] 0.005806863712908658
[Iteration] 140 [parameters] [-0.325    , 0.57     ,-0.505    ,-0.325    , 0.57     ,-0.505    , 1.0462963, 1.35     ,-0.05     ] [obj] 0.005806863712908658
[Iteration] 141 [parameters] [-0.325    , 0.57     ,-0.505    ,-0.325    , 0.57     ,-0.505    , 1.0537037, 1.35     ,-0.05     ] [obj] 0.005806863712908658
[Iteration] 142 [parameters] [-0.10833333, 0.57      ,-0.505     ,-0.325     , 0.39666667,-0.505     , 1.05      , 1.35      ,-0.05      ] [obj] 0.005806863712908658
[Iteration] 143 [parameters] [-0.10833333, 0.57      ,-0.505     ,-0.325     , 0.74333333,-0.505     , 1.05      , 1.35      ,-0.05      ] [obj] 0.005806863712908658
[Iteration] 144 [parameters] [-0.325     , 0.57      ,-0.505     ,-0.325     , 0.56786008,-0.505     , 1.05      , 1.35      ,-0.05      ] [obj] 0.005806863712908658
[Iteration] 145 [parameters] [-0.325     , 0.57      ,-0.505     ,-0.325     , 0.57213992,-0.505     , 1.05      , 1.35      ,-0.05      ] [obj] 0.005806863712908658
[Iteration] 146 [parameters] [-0.325     , 0.57      ,-0.505     ,-0.54166667, 0.39666667,-0.505     , 1.05      , 1.35      ,-0.05      ] [obj] 0.005806863712908658
[Iteration] 147 [parameters] [-0.325     , 0.57      ,-0.505     ,-0.54166667, 0.74333333,-0.505     , 1.05      , 1.35      ,-0.05      ] [obj] 0.005806863712908658
[Iteration] 148 [parameters] [-0.325     , 0.56786008,-0.505     ,-0.325     , 0.57      ,-0.505     , 1.05      , 1.35      ,-0.05      ] [obj] 0.005806863712908658
[Iteration] 149 [parameters] [-0.325     , 0.57213992,-0.505     ,-0.325     , 0.57      ,-0.505     , 1.05      , 1.35      ,-0.05      ] [obj] 0.005806863712908658
[Iteration] 150 [parameters] [-0.325     , 0.57      ,-0.505     ,-0.10833333, 0.39666667,-0.505     , 1.05      , 1.35      ,-0.05      ] [obj] 0.005806863712908658
[Iteration] 151 [parameters] [-0.325     , 0.57      ,-0.505     ,-0.10833333, 0.74333333,-0.505     , 1.05      , 1.35      ,-0.05      ] [obj] 0.005806863712908658
[Iteration] 152 [parameters] [-0.325     , 0.57      ,-0.505     ,-0.325     , 0.57      ,-0.50709877, 1.05      , 1.35      ,-0.05      ] [obj] 0.005806863712908658
[Iteration] 153 [parameters] [-0.325     , 0.57      ,-0.505     ,-0.325     , 0.57      ,-0.50290123, 1.05      , 1.35      ,-0.05      ] [obj] 0.005806863712908658
[Iteration] 154 [parameters] [-0.325     , 0.57      ,-0.505     ,-0.54166667, 0.57      ,-0.505     , 1.05      , 1.05      ,-0.41666667] [obj] 0.005806863712908658
[Iteration] 155 [parameters] [-0.325     , 0.57      ,-0.505     ,-0.54166667, 0.57      ,-0.505     , 1.05      , 1.05      , 0.31666667] [obj] 0.005806863712908658
[Iteration] 156 [parameters] [-0.325    , 0.57     ,-0.505    ,-0.325    , 0.57     ,-0.505    , 1.05     , 1.3462963,-0.05     ] [obj] 0.005806863712908658
[Iteration] 157 [parameters] [-0.325    , 0.57     ,-0.505    ,-0.325    , 0.57     ,-0.505    , 1.05     , 1.3537037,-0.05     ] [obj] 0.005806863712908658
[Iteration] 158 [parameters] [-0.325     , 0.57      ,-0.505     ,-0.325     , 0.39666667,-0.505     , 1.05      , 1.05      ,-0.41666667] [obj] 0.005806863712908658
[Iteration] 159 [parameters] [-0.325     , 0.57      ,-0.505     ,-0.325     , 0.39666667,-0.505     , 1.05      , 1.05      , 0.31666667] [obj] 0.005806863712908658
[Iteration] 160 [parameters] [-0.325    , 0.57     ,-0.505    ,-0.3276749, 0.57     ,-0.505    , 1.05     , 1.35     ,-0.05     ] [obj] 0.005806863712908658
[Iteration] 161 [parameters] [-0.325    , 0.57     ,-0.505    ,-0.3223251, 0.57     ,-0.505    , 1.05     , 1.35     ,-0.05     ] [obj] 0.005806863712908658
[Iteration] 162 [parameters] [-0.325     , 0.57      ,-0.675     ,-0.325     , 0.74333333,-0.505     , 1.05      , 1.05      ,-0.05      ] [obj] 0.005806863712908658
[Iteration] 163 [parameters] [-0.325     , 0.57      ,-0.335     ,-0.325     , 0.74333333,-0.505     , 1.05      , 1.05      ,-0.05      ] [obj] 0.005806863712908658
[Iteration] 164 [parameters] [-0.325     , 0.57      ,-0.505     ,-0.325     , 0.57      ,-0.505     , 1.05      , 1.34876543,-0.05      ] [obj] 0.005806863712908658
[Iteration] 165 [parameters] [-0.325     , 0.57      ,-0.505     ,-0.325     , 0.57      ,-0.505     , 1.05      , 1.35123457,-0.05      ] [obj] 0.005806863712908658
[Iteration] 166 [parameters] [-0.54166667, 0.39666667,-0.505     ,-0.325     , 0.57      ,-0.505     , 1.05      , 1.05      ,-0.05      ] [obj] 0.005806863712908658
[Iteration] 167 [parameters] [-0.54166667, 0.74333333,-0.505     ,-0.325     , 0.57      ,-0.505     , 1.05      , 1.05      ,-0.05      ] [obj] 0.005806863712908658
[Iteration] 168 [parameters] [-0.325     , 0.57      ,-0.505     ,-0.32589163, 0.57      ,-0.505     , 1.05      , 1.35      ,-0.05      ] [obj] 0.005806863712908658
[Iteration] 169 [parameters] [-0.325     , 0.57      ,-0.505     ,-0.32410837, 0.57      ,-0.505     , 1.05      , 1.35      ,-0.05      ] [obj] 0.005806863712908658
[Iteration] 170 [parameters] [-0.325     , 0.57      ,-0.675     ,-0.325     , 0.57      ,-0.505     , 1.05      , 1.05      ,-0.41666667] [obj] 0.005806863712908658
[Iteration] 171 [parameters] [-0.325     , 0.57      ,-0.675     ,-0.325     , 0.57      ,-0.505     , 1.05      , 1.05      , 0.31666667] [obj] 0.005806863712908658
[Iteration] 172 [parameters] [-0.325     , 0.57      ,-0.505     ,-0.325     , 0.57      ,-0.50569959, 1.05      , 1.35      ,-0.05      ] [obj] 0.005806863712908658
[Iteration] 173 [parameters] [-0.325     , 0.57      ,-0.505     ,-0.325     , 0.57      ,-0.50430041, 1.05      , 1.35      ,-0.05      ] [obj] 0.005806863712908658
[Iteration] 174 [parameters] [-0.54166667, 0.57      ,-0.505     ,-0.325     , 0.57      ,-0.675     , 1.05      , 1.35      ,-0.05      ] [obj] 0.005806863712908658
[Iteration] 175 [parameters] [-0.10833333, 0.57      ,-0.505     ,-0.325     , 0.57      ,-0.675     , 1.05      , 1.35      ,-0.05      ] [obj] 0.005806863712908658
[Iteration] 176 [parameters] [-0.32589163, 0.57      ,-0.505     ,-0.325     , 0.57      ,-0.505     , 1.05      , 1.35      ,-0.05      ] [obj] 0.005806863712908658
[Iteration] 177 [parameters] [-0.32410837, 0.57      ,-0.505     ,-0.325     , 0.57      ,-0.505     , 1.05      , 1.35      ,-0.05      ] [obj] 0.005806863712908658
[Iteration] 178 [parameters] [-0.54166667, 0.57      ,-0.505     ,-0.325     , 0.57      ,-0.505     , 0.75      , 1.35      ,-0.05      ] [obj] 0.005806863712908658
[Iteration] 179 [parameters] [-0.54166667, 0.57      ,-0.505     ,-0.325     , 0.57      ,-0.505     , 1.35      , 1.35      ,-0.05      ] [obj] 0.005806863712908658
[Iteration] 180 [parameters] [-0.325     , 0.57      ,-0.505     ,-0.325     , 0.56928669,-0.505     , 1.05      , 1.35      ,-0.05      ] [obj] 0.005806863712908658
[Iteration] 181 [parameters] [-0.325     , 0.57      ,-0.505     ,-0.325     , 0.57071331,-0.505     , 1.05      , 1.35      ,-0.05      ] [obj] 0.005806863712908658
[Iteration] 182 [parameters] [-0.10833333, 0.57      ,-0.505     ,-0.54166667, 0.57      ,-0.505     , 1.05      , 1.35      ,-0.05      ] [obj] 0.005806863712908658
[Iteration] 183 [parameters] [-0.10833333, 0.57      ,-0.505     ,-0.10833333, 0.57      ,-0.505     , 1.05      , 1.35      ,-0.05      ] [obj] 0.005806863712908658
[Iteration] 184 [parameters] [-0.325     , 0.57      ,-0.50569959,-0.325     , 0.57      ,-0.505     , 1.05      , 1.35      ,-0.05      ] [obj] 0.005806863712908658
[Iteration] 185 [parameters] [-0.325     , 0.57      ,-0.50430041,-0.325     , 0.57      ,-0.505     , 1.05      , 1.35      ,-0.05      ] [obj] 0.005806863712908658
[Iteration] 186 [parameters] [-0.325     , 0.57      ,-0.505     ,-0.54166667, 0.57      ,-0.505     , 1.05      , 1.35      ,-0.41666667] [obj] 0.005806863712908658
[Iteration] 187 [parameters] [-0.325     , 0.57      ,-0.505     ,-0.54166667, 0.57      ,-0.505     , 1.05      , 1.35      , 0.31666667] [obj] 0.005806863712908658
[Iteration] 188 [parameters] [-0.325     , 0.56928669,-0.505     ,-0.325     , 0.57      ,-0.505     , 1.05      , 1.35      ,-0.05      ] [obj] 0.005806863712908658
[Iteration] 189 [parameters] [-0.325     , 0.57071331,-0.505     ,-0.325     , 0.57      ,-0.505     , 1.05      , 1.35      ,-0.05      ] [obj] 0.005806863712908658
[Iteration] 190 [parameters] [-0.325     , 0.57      ,-0.505     ,-0.10833333, 0.57      ,-0.505     , 1.05      , 1.35      ,-0.41666667] [obj] 0.005806863712908658
[Iteration] 191 [parameters] [-0.325     , 0.57      ,-0.505     ,-0.10833333, 0.57      ,-0.505     , 1.05      , 1.35      , 0.31666667] [obj] 0.005806863712908658
[Iteration] 192 [parameters] [-0.325     , 0.57      ,-0.505     ,-0.325     , 0.57      ,-0.505     , 1.04876543, 1.35      ,-0.05      ] [obj] 0.005806863712908658
[Iteration] 193 [parameters] [-0.325     , 0.57      ,-0.505     ,-0.325     , 0.57      ,-0.505     , 1.05123457, 1.35      ,-0.05      ] [obj] 0.005806863712908658
[Iteration] 194 [parameters] [-0.325     , 0.57      ,-0.505     ,-0.54166667, 0.39666667,-0.505     , 1.05      , 1.05      ,-0.05      ] [obj] 0.005806863712908658
[Iteration] 195 [parameters] [-0.325     , 0.57      ,-0.505     ,-0.54166667, 0.74333333,-0.505     , 1.05      , 1.05      ,-0.05      ] [obj] 0.005806863712908658
[Iteration] 196 [parameters] [-0.325     , 0.57      ,-0.505     ,-0.325     , 0.57      ,-0.505     , 1.05      , 1.35      ,-0.05150892] [obj] 0.005806863712908658
[Iteration] 197 [parameters] [-0.325     , 0.57      ,-0.505     ,-0.325     , 0.57      ,-0.505     , 1.05      , 1.35      ,-0.04849108] [obj] 0.005806863712908658
[Iteration] 198 [parameters] [-0.325     , 0.57      ,-0.675     ,-0.325     , 0.39666667,-0.505     , 1.05      , 1.05      ,-0.05      ] [obj] 0.005806863712908658
[Iteration] 199 [parameters] [-0.325     , 0.57      ,-0.335     ,-0.325     , 0.39666667,-0.505     , 1.05      , 1.05      ,-0.05      ] [obj] 0.005806863712908658
[Iteration] 200 [parameters] [-0.325    , 0.57     ,-0.505    ,-0.325    , 0.57     ,-0.5052332, 1.05     , 1.35     ,-0.05     ] [obj] 0.005806863712908658
