NLOPT CRS2
# Define the right impedance controller
Kq_mat = np.diag( [ 15.0, 15.0, 8.0, 10.0, 3.0, 12.0, 1.5 ]  )
Bq_mat = 0.2 * Kq_mat
lb    = np.array( [ -0.75, 0.30, -0.55, -0.15, 0.30, -0.55, 0.8, 0.8, -0.5 ] )
ub    = np.array( [ -0.20, 0.90,  0.55,  0.05, 0.90,  0.55, 1.5, 1.5,  0.5 ] )
n_opt = 9

#Interesting movements
[Iteration] 4 [parameters] [-0.77399771, 0.93596239, 0.83344725, 0.093685  , 0.41859367,-0.13693171, 0.94573251, 0.87926156, 0.17795748]
[Iteration] 6 [parameters] [-0.75190201, 0.34970681, 0.73824876,-0.0994195 , 0.62740845,-0.64370246, 0.88866062, 0.97289829,-0.27913933]                                                                   

# Interesting movements

# Movements over 90%
[Iteration] 21 [parameters] [-0.72828492, 0.72644125, 0.4190298 ,-0.12611358, 0.77178187,-0.33730278, 1.24014178, 1.24159437,-0.12808564]
 [all_vals] [86.5398875 ,82.68473536,90.53886474]
 [obj] 90.53886474047557
[Iteration] 35 [parameters] [-0.70765609, 0.83435921,-0.28321396,-0.10590473, 0.42475214,-0.40539086, 1.14870924, 0.87518222,-0.11583109]
 [all_vals] [91.96944515,81.82562005,81.08156482]
 [obj] 91.9694451546919
 [Iteration] 45 [parameters] [-0.7044959 , 0.75473293, 0.27485435,-0.14409801, 0.89254197,-0.42219353, 0.88806446, 1.23621263,-0.06049201]
 [all_vals] [92.0269752 ,90.3490156 ,89.24635643]
 [obj] 92.02697519815904


[Iteration] 1 [parameters] [-0.5125, 0.615 ,-0.0275,-0.0575, 0.615 ,-0.0275, 1.19  , 1.19  ,-0.025 ]                                                                                                       
 [all_vals] [74.51482997,65.63027359,66.10585528]                                                                                                                                                          
 [obj] 74.51482996676042                                                                                                                                                                                   
[Iteration] 2 [parameters] [-0.32320373, 0.46123949, 0.53879383,-0.13981358, 0.49822497,-0.20789686, 1.13118147, 1.16364693, 0.04239939]                                                                   
 [all_vals] [66.97967272,66.15251854,67.06660701]                                                                                                                                                          
 [obj] 67.06660700588085                                                                                                                                                                                   
[Iteration] 3 [parameters] [-0.32153292, 0.76470625,-0.51711455, 0.00281692, 0.55069224, 0.10541186, 1.21640992, 0.80803563,-0.48972448]                                                                   
 [all_vals] [0.005753  ,0.00511378,0.00511378]                                                                                                                                                             
 [obj] 0.005753004346714395                                                                                                                                                                                
[Iteration] 4 [parameters] [-0.61749199, 0.60821247, 0.0027924 , 0.02267135, 0.82757016, 0.33391723, 0.94774624, 1.37234864,-0.48103695]                                                                   
 [all_vals] [0.00639223,0.005753  ,0.00639223]                                                                                                                                                             
 [obj] 0.006392227051904884                                                                                                                                                                                
[Iteration] 5 [parameters] [-0.22871555, 0.43044938, 0.16747971,-0.14228664, 0.66218817, 0.21957758, 0.90433461, 1.263136  , 0.20622413]                                                                   
 [all_vals] [36.88826387, 2.16376886,30.48005625]                                                                                                                                                          
 [obj] 36.8882638711327                                                                                                                                                                                    
[Iteration] 6 [parameters] [-0.73768565, 0.73623813, 0.05684354,-0.07382059, 0.65194134,-0.52802058, 0.94109382, 1.05494932,-0.2511803 ]                                                                   
 [all_vals] [84.16773204,82.80427001,83.55663513]                                                                                                                                                          
 [obj] 84.16773203784199                                                                                                                                                                                   
[Iteration] 7 [parameters] [-0.35237133, 0.58723617,-0.21011026,-0.04213878, 0.79256605, 0.27201167, 1.41607351, 1.17166272, 0.22903352]                                                                   
 [all_vals] [52.21171056,50.38609051,51.88570698]                                                                                                                                                          
 [obj] 52.21171055995909                                                                                                                                                                                   
[Iteration] 8 [parameters] [-0.27901882, 0.40973888, 0.07484955,-0.08408688, 0.73543645, 0.18476522, 1.08228774, 1.19596416, 0.44199705]                                                                   
 [all_vals] [58.08744567,59.50332396,60.48644848]                                                                                                                                                          
 [obj] 60.486448478649955                                                                                                                                                                                  
[Iteration] 9 [parameters] [-0.65485355, 0.87687394, 0.24777666,-0.11416231, 0.6342419 , 0.3072297 , 1.45768436, 0.96332966,-0.19443658]                                                                   
 [all_vals] [59.63052928,62.51470212,60.71401176]  
 [Iteration] 10 [parameters] [-0.27203628, 0.4698472 , 0.46368081,-0.00425005, 0.73185716,-0.30415465, 1.1288092 , 1.44395791,-0.43340058]
 [all_vals] [0.00447456,0.00511378,0.00511378]
 [obj] 0.005113781641523907
[Iteration] 11 [parameters] [-0.44725329, 0.63568302,-0.17273741,-0.14664017, 0.57693771,-0.48003235, 1.34470674, 1.42849311, 0.00947116]
 [all_vals] [59.10444899,71.89209921,64.42469957]
 [obj] 71.89209920736384
[Iteration] 12 [parameters] [-0.56537521, 0.68403921, 0.20978385, 0.01159721, 0.56248705, 0.14018179, 1.40595779, 1.2259839 , 0.40962029]
 [all_vals] [77.80554845,70.74789057,73.13091281]
 [obj] 77.80554845308106
[Iteration] 13 [parameters] [-0.33723391, 0.56806031,-0.09686991,-0.12061386, 0.69654663,-0.36747773, 1.15343379, 1.43782332,-0.29620724]
 [all_vals] [48.63334186,45.10802864,38.83917157]
 [obj] 48.633341856302735
[Iteration] 14 [parameters] [-0.55617155, 0.59020959,-0.20626973,-0.01125394, 0.45179384,-0.39795354, 1.40007458, 1.04574835, 0.09313104]
 [all_vals] [79.92457172,72.70007671,76.28867297]
 [obj] 79.92457172078751
[Iteration] 15 [parameters] [-0.30773738, 0.83133728, 0.43456756,-0.07357997, 0.70521308,-0.15077056, 0.88001638, 1.49169734,-0.33627719]
 [all_vals] [0.00703145,0.00639223,0.00511378]
 [obj] 0.007031449757095372
[Iteration] 16 [parameters] [-0.65787134, 0.63654866, 0.10056073,-0.0958375 , 0.6076329 ,-0.38052581, 1.10421939, 0.92511979,-0.15201772]
 [all_vals] [82.21234978,87.94937356,87.86180005]
 [obj] 87.94937356174891
[Iteration] 17 [parameters] [-0.33270155, 0.44714293,-0.20233477,-0.02560504, 0.35251003, 0.03818182, 0.85571511, 1.46668594,-0.06750915]
 [all_vals] [61.72781897,62.66428024,64.30005114]
 [obj] 64.30005113781641
[Iteration] 18 [parameters] [-0.63255306, 0.53786276,-0.47100986, 0.01471539, 0.70995736, 0.24529915, 0.9593845 , 0.80078005, 0.29204892]
 [all_vals] [0.00703145,2.23344413,0.00639223]
 [obj] 2.2334441319355665
[Iteration] 19 [parameters] [-0.70886585, 0.43176874, 0.50712651,-0.03903923, 0.75607699, 0.26945216, 0.84769442, 1.39652851, 0.00995438]
 [all_vals] [0.00703145,0.00639223,0.00703145]
 [obj] 0.007031449757095372
[Iteration] 20 [parameters] [-0.70528117, 0.55451912,-0.06443874,-0.07001478, 0.66228596,-0.0803714 , 1.36116673, 1.29126386, 0.4188601 ]
 [all_vals] [ 0.0083099 ,63.78867297,61.71119918]
 [obj] 63.78867297366403
[Iteration] 21 [parameters] [-0.72828492, 0.72644125, 0.4190298 ,-0.12611358, 0.77178187,-0.33730278, 1.24014178, 1.24159437,-0.12808564]
 [all_vals] [86.5398875 ,82.68473536,90.53886474]
 [obj] 90.53886474047557
[Iteration] 22 [parameters] [-0.28127773, 0.80859086,-0.23840519,-0.00897978, 0.32551098,-0.32399939, 1.10315918, 1.20263935, 0.30901304]
 [all_vals] [41.13525952,42.39708514,41.79238047]
 [obj] 42.39708514446433
[Iteration] 23 [parameters] [-0.63772722, 0.66589824,-0.03435359,-0.10686642, 0.5596249 ,-0.26564511, 1.47032802, 1.05168815, 0.01478093]
 [all_vals] [76.34748146,78.3642291 ,79.14663769]
 [obj] 79.14663768857069
[Iteration] 24 [parameters] [-0.28609468, 0.35440462, 0.36267493, 0.01452476, 0.66428577, 0.01423364, 1.46495664, 1.4118256 ,-0.04415443]
 [all_vals] [54.00792636,51.68690872,48.91268218]
 [obj] 54.007926361544364
[Iteration] 25 [parameters] [-0.46025062, 0.58384119,-0.26486456,-0.02631958, 0.40404387,-0.41109509, 1.03699772, 1.17552858, 0.06475   ]
 [all_vals] [68.50933265,77.45269752,74.14216313]
 [obj] 77.4526975198159
[Iteration] 26 [parameters] [-0.63329774, 0.73320589, 0.27689589, 0.01265449, 0.35318546, 0.53554734, 1.43826203, 1.29891505, 0.32553387]
 [all_vals] [74.96292508,73.81552033,68.63398108]
 [obj] 74.96292508309895
[Iteration] 27 [parameters] [-0.55681216, 0.48213322,-0.07119859,-0.01786874, 0.83598911,-0.01313319, 0.91060017, 0.98927582,-0.11812173]
 [all_vals] [52.34850422,58.44285349,60.95052416]
  [obj] 60.95052416261826                                                                                                                                                                                   
[Iteration] 28 [parameters] [-0.57407876, 0.76900926, 0.23006743, 0.01825459, 0.45680198,-0.19364018, 0.97547288, 1.18025313,-0.03166904]
 [all_vals] [78.27345947,81.24328816,77.05318333]
 [obj] 81.2432881615955
[Iteration] 29 [parameters] [-0.38884383, 0.59288293,-0.23963056,-0.06943401, 0.40955727,-0.02984115, 1.30451288, 1.42520257,-0.15716767]
 [all_vals] [65.95883406,65.29404244,64.42086423]
 [obj] 65.95883405778574
[Iteration] 30 [parameters] [-0.6040711 , 0.32106306,-0.09173067, 0.04211385, 0.50436807, 0.47005863, 1.26751618, 0.92861987,-0.30792499]
 [all_vals] [69.39657377,67.68217847,53.86090514]
 [obj] 69.39657376630018
[Iteration] 31 [parameters] [-0.41229995, 0.73027976,-0.02130901,-0.12032403, 0.65309152, 0.23174723, 0.80174841, 1.38439413, 0.23754053]
 [all_vals] [48.21337254,52.13564306,50.7996676 ]
 [obj] 52.135643058041424
[Iteration] 32 [parameters] [-0.63110408, 0.67568327, 0.37946075,-0.06004957, 0.55613369, 0.16001012, 0.92076874, 0.95757194, 0.0731712 ]
 [all_vals] [83.28049092,82.5703145 ,75.00894912]
 [obj] 83.28049092303759
[Iteration] 33 [parameters] [-0.32206209, 0.73897016,-0.40392574, 0.00736138, 0.58027556,-0.00006948, 1.27875153, 0.9997241 ,-0.39221649]
 [all_vals] [0.00703145,0.01022756,0.00639223]
 [obj] 0.010227563283047815
[Iteration] 34 [parameters] [-0.20603014, 0.3227688 ,-0.53889928,-0.0942023 , 0.86837088, 0.48280772, 0.8116816 , 1.09336008,-0.03943681]
 [all_vals] [0.00639223,0.005753  ,0.00639223]
 [obj] 0.006392227051904884
[Iteration] 35 [parameters] [-0.70765609, 0.83435921,-0.28321396,-0.10590473, 0.42475214,-0.40539086, 1.14870924, 0.87518222,-0.11583109]
 [all_vals] [91.96944515,81.82562005,81.08156482]
 [obj] 91.9694451546919
[Iteration] 36 [parameters] [-0.40175649, 0.38145882, 0.52181421,-0.04706388, 0.35437515, 0.12901385, 0.89267149, 1.28217228,-0.49108031]
 [all_vals] [0.00639223,0.00703145,1.60125288]
 [obj] 1.6012528765021734
[Iteration] 37 [parameters] [-0.23909126, 0.86710569,-0.00568783,-0.09531155, 0.48865407,-0.1567308 , 1.29175569, 1.12472728,-0.43325763]
 [all_vals] [0.0083099 ,0.01278445,0.00958834]
 [obj] 0.012784454103809769
[Iteration] 38 [parameters] [-0.66855168, 0.54492197,-0.14862229,-0.06673174, 0.75027831,-0.42629077, 1.24967341, 0.81191708, 0.44802231]
 [all_vals] [85.46599335,81.05088213,75.03132191]
 [obj] 85.46599335208387
[Iteration] 39 [parameters] [-0.53815271, 0.33923827,-0.14929591,-0.07409559, 0.70548317,-0.4187869 , 0.91954635, 0.99410602, 0.49670441]
 [all_vals] [59.33392994,72.30503707,77.91933009]
 [obj] 77.91933009460496
[Iteration] 40 [parameters] [-0.20702793, 0.510437  ,-0.49423726,-0.14816866, 0.79786964,-0.28970635, 1.13735935, 1.36878147, 0.24872427]
 [all_vals] [56.59613909,56.18000511,55.56571209]
 [obj] 56.59613909486065
[Iteration] 41 [parameters] [-0.65152513, 0.86722466,-0.2776031 ,-0.01226291, 0.46549843,-0.05163933, 1.31449333, 0.90752669, 0.24785484]
 [all_vals] [77.58693429,82.37087701,83.41920225]
 [obj] 83.41920225006392
[Iteration] 42 [parameters] [-0.23201439, 0.6624724 ,-0.00159238,-0.06403958, 0.71800594,-0.40096537, 1.11505266, 1.30841308, 0.21495678]
 [all_vals] [0.00703145,0.00703145,0.00703145]
 [obj] 0.007031449757095372
[Iteration] 43 [parameters] [-0.6274112 , 0.56342323,-0.13405147,-0.00771327, 0.88594725, 0.52525844, 1.04567084, 1.24862295, 0.18891682]
 [all_vals] [0.00703145,0.00703145,0.00703145]
 [obj] 0.007031449757095372
[Iteration] 44 [parameters] [-0.70513047, 0.84242824,-0.20652572,-0.13631287, 0.63259717, 0.48423405, 1.35824521, 1.22978088,-0.29523046]
 [all_vals] [65.27358732,57.03592432,59.60623881]
 [obj] 65.27358731782152
[Iteration] 45 [parameters] [-0.7044959 , 0.75473293, 0.27485435,-0.14409801, 0.89254197,-0.42219353, 0.88806446, 1.23621263,-0.06049201]
 [all_vals] [92.0269752 ,90.3490156 ,89.24635643]
 [obj] 92.02697519815904
[Iteration] 46 [parameters] [-0.27926448, 0.85360411,-0.46475574, 0.00557438, 0.74999485,-0.52525438, 1.19717059, 1.29244018, 0.08999538]       
 [all_vals] [0.00703145,0.00639223,0.00894912]
 [obj] 0.008949117872666838
[Iteration] 47 [parameters] [-0.50549897, 0.86215626,-0.31235951,-0.14001179, 0.77501835,-0.03016539, 0.92135023, 1.2363491 , 0.15511319]
 [all_vals] [64.38378931,59.71043211,65.26527742]
 [obj] 65.26527742265405
[Iteration] 48 [parameters] [-0.47151396, 0.62951839,-0.39205363,-0.10473358, 0.65149055,-0.17146721, 0.84182183, 1.47332563, 0.18384766]
 [all_vals] [69.3946561 ,67.36064945,68.55663513]
 [obj] 69.3946560981846
[Iteration] 49 [parameters] [-0.65923834, 0.8083253 , 0.28611906,-0.08636702, 0.55899596,-0.35897673, 1.39779808, 1.45737097, 0.17898054]
 [all_vals] [82.5843774 ,73.42879059,76.32383022]
 [obj] 82.58437739708513
[Iteration] 50 [parameters] [-0.23271421, 0.75981104,-0.03174571,-0.02409336, 0.66319066, 0.40368283, 0.84915969, 1.30490643, 0.02380813]       
 [all_vals] [0.005753  ,0.00703145,0.00639223]
 [obj] 0.007031449757095372
