lb    = np.array( [ -0.65, 0.31, -0.76, 0.6, 0.6, -0.6 ] )
ub    = np.array( [  0.00, 0.83, -0.25, 1.5, 1.5,  0.5 ] )
n_opt = 6

[Iteration] 1 [parameters] [-0.325, 0.57 ,-0.505, 1.05 , 1.05 ,-0.05 ] [all_vals] [30.2090392 ,28.34760467,27.69872071,28.57245529,29.20388509] [obj] 30.20903919998357
[Iteration] 2 [parameters] [-0.54166667, 0.57      ,-0.505     , 1.05      , 1.05      ,-0.05      ] [all_vals] [43.85408325,43.57892359,36.80876404,41.74521037,40.54190024] [obj] 43.854083246062544
[Iteration] 3 [parameters] [-0.10833333, 0.57      ,-0.505     , 1.05      , 1.05      ,-0.05      ] [all_vals] [0.,0.,0.,0.,0.] [obj] 0.0
[Iteration] 4 [parameters] [-0.325     , 0.39666667,-0.505     , 1.05      , 1.05      ,-0.05      ] [all_vals] [23.72019959,26.70075361,32.76658658,27.351691  ,25.17505493] [obj] 32.76658658288672
[Iteration] 5 [parameters] [-0.325     , 0.74333333,-0.505     , 1.05      , 1.05      ,-0.05      ] [all_vals] [26.85168073,28.74802357,26.72642149,29.65974661,29.38561367] [obj] 29.659746606706506
[Iteration] 6 [parameters] [-0.325, 0.57 ,-0.675, 1.05 , 1.05 ,-0.05 ] [all_vals] [31.37025401,31.03451816,30.0190969 ,27.21924475,31.26552907] [obj] 31.370254009322572
[Iteration] 7 [parameters] [-0.325, 0.57 ,-0.335, 1.05 , 1.05 ,-0.05 ] [all_vals] [31.11768209,29.95236042,27.35887801,32.56740385,31.04581203] [obj] 32.56740384812829
[Iteration] 8 [parameters] [-0.325, 0.57 ,-0.505, 0.75 , 1.05 ,-0.05 ] [all_vals] [0.00000000e+00,1.70065094e+01,1.02671513e-03,0.00000000e+00,0.00000000e+00] [obj] 17.006509373909115
[Iteration] 9 [parameters] [-0.325, 0.57 ,-0.505, 1.35 , 1.05 ,-0.05 ] [all_vals] [21.2909916 ,30.4061685 ,24.1688741 ,29.9985626 ,24.52103739] [obj] 30.406168504486747
[Iteration] 10 [parameters] [-0.325, 0.57 ,-0.505, 1.05 , 0.75 ,-0.05 ] [all_vals] [23.18117415,20.27043676,27.93794534,28.043697  ,26.95537896] [obj] 28.043696995831535
[Iteration] 11 [parameters] [-0.325, 0.57 ,-0.505, 1.05 , 1.35 ,-0.05 ] [all_vals] [22.53331691, 0.        ,23.28897924,25.38758496,28.00365511] [obj] 28.00365510585433
[Iteration] 12 [parameters] [-0.325     , 0.57      ,-0.505     , 1.05      , 1.05      ,-0.41666667] [all_vals] [11.96328467, 0.        , 0.        , 0.        , 0.        ] [obj] 11.963284667036284
[Iteration] 13 [parameters] [-0.325     , 0.57      ,-0.505     , 1.05      , 1.05      , 0.31666667] [all_vals] [30.83841557,25.85474034,23.81465739,23.8156841 ,22.83517115] [obj] 30.838415573215055
[Iteration] 14 [parameters] [-0.54166667, 0.39666667,-0.505     , 1.05      , 1.05      ,-0.05      ] [all_vals] [34.33335387,40.34169079,35.7543276 ,31.44109735,47.39830387] [obj] 47.39830386660917
[Iteration] 15 [parameters] [-0.54166667, 0.74333333,-0.505     , 1.05      , 1.05      ,-0.05      ] [all_vals] [36.75948171,35.53050371,26.50465102,31.39386846,34.46990698] [obj] 36.75948171420358
[Iteration] 16 [parameters] [-0.54166667, 0.57      ,-0.675     , 1.05      , 1.05      ,-0.05      ] [all_vals] [43.23394731,37.38167108,38.30982156,35.85083883,38.54904618] [obj] 43.23394730897965
[Iteration] 17 [parameters] [-0.54166667, 0.57      ,-0.335     , 1.05      , 1.05      ,-0.05      ] [all_vals] [37.75744882,29.08478614,34.35902175,30.09918068,43.31916466] [obj] 43.31916466457217
[Iteration] 18 [parameters] [-0.54166667, 0.57      ,-0.505     , 0.75      , 1.05      ,-0.05      ] [all_vals] [34.19577404,29.93695969,37.5664798 ,25.87630136,35.99663237] [obj] 37.56647980451344
[Iteration] 19 [parameters] [-0.54166667, 0.57      ,-0.505     , 1.35      , 1.05      ,-0.05      ] [all_vals] [30.44210353,35.63522865,41.5912031 ,36.16398694,35.13932524] [obj] 41.591203104786544
[Iteration] 20 [parameters] [-0.54166667, 0.57      ,-0.505     , 1.05      , 0.75      ,-0.05      ] [all_vals] [24.94096388,36.42785273,31.78196678,35.77280848,37.3488162 ] [obj] 37.34881619745785
[Iteration] 21 [parameters] [-0.54166667, 0.57      ,-0.505     , 1.05      , 1.35      ,-0.05      ] [all_vals] [35.21324873,33.42881784,48.01638637,36.52025709,40.87352923] [obj] 48.01638637343682
[Iteration] 22 [parameters] [-0.54166667, 0.57      ,-0.505     , 1.05      , 1.05      ,-0.41666667] [all_vals] [30.09507382,34.20193433,32.60231216,35.3128401 ,32.94728845] [obj] 35.31284009938602
[Iteration] 23 [parameters] [-0.54166667, 0.57      ,-0.505     , 1.05      , 1.05      , 0.31666667] [all_vals] [64.18304277,56.79069385,47.08412904,53.9703074 ,49.10675784] [obj] 64.18304277295222
[Iteration] 24 [parameters] [-0.54166667, 0.39666667,-0.505     , 1.05      , 1.05      , 0.31666667] [all_vals] [63.50438407,64.01363478,52.49491776,63.38323169,55.48060535] [obj] 64.0136347768948
[Iteration] 25 [parameters] [-0.54166667, 0.74333333,-0.505     , 1.05      , 1.05      , 0.31666667] [all_vals] [21.38442268,35.33953469,40.2266987 ,34.68551716,42.13022855] [obj] 42.13022854678741
[Iteration] 26 [parameters] [-0.54166667, 0.57      ,-0.675     , 1.05      , 1.05      , 0.31666667] [all_vals] [57.69522988,50.37577774,66.89459742,61.25895809,56.18698536] [obj] 66.89459742499847
[Iteration] 27 [parameters] [-0.54166667, 0.57      ,-0.335     , 1.05      , 1.05      , 0.31666667] [all_vals] [35.37341629,38.76157621,33.04379967,29.79732643,50.1088318 ] [obj] 50.1088318035278
[Iteration] 28 [parameters] [-0.54166667, 0.57      ,-0.505     , 0.75      , 1.05      , 0.31666667] [all_vals] [29.43386928,40.04291669,30.96059467,38.48641656,45.06252695] [obj] 45.062526951272105
[Iteration] 29 [parameters] [-0.54166667, 0.57      ,-0.505     , 1.35      , 1.05      , 0.31666667] [all_vals] [55.60483788,55.01447668,66.58658289,62.37807758,47.87777983] [obj] 66.58658288671225
[Iteration] 30 [parameters] [-0.54166667, 0.57      ,-0.505     , 1.05      , 0.75      , 0.31666667] [all_vals] [41.62611142,50.68687242,39.2626132 ,56.83894947,36.3036202 ] [obj] 56.83894946508142
[Iteration] 31 [parameters] [-0.54166667, 0.57      ,-0.505     , 1.05      , 1.35      , 0.31666667] [all_vals] [69.56508347,48.24534385,59.15316536,54.61303107,45.40647652] [obj] 69.56508347193987
[Iteration] 32 [parameters] [-0.54166667, 0.39666667,-0.505     , 1.05      , 1.35      , 0.31666667] [all_vals] [69.90389946,56.93956755,53.90562435,70.07844104,49.477402  ] [obj] 70.07844103575022
[Iteration] 33 [parameters] [-0.54166667, 0.74333333,-0.505     , 1.05      , 1.35      , 0.31666667] [all_vals] [28.45438305,36.51820366,37.30877431,36.77590916,40.21232469] [obj] 40.21232468839196
[Iteration] 34 [parameters] [-0.54166667, 0.57      ,-0.675     , 1.05      , 1.35      , 0.31666667] [all_vals] [66.04550401,59.66754964,57.82254256,66.6081439 ,61.18298117] [obj] 66.60814390439229
[Iteration] 35 [parameters] [-0.54166667, 0.57      ,-0.335     , 1.05      , 1.35      , 0.31666667] [all_vals] [51.64069077,44.07174685,64.48900388,50.83779954,34.65882256] [obj] 64.48900388098319
[Iteration] 36 [parameters] [-0.54166667, 0.57      ,-0.505     , 0.75      , 1.35      , 0.31666667] [all_vals] [57.87798517,59.28766504,54.97854165,63.52799852,45.01016448] [obj] 63.527998521530215
[Iteration] 37 [parameters] [-0.54166667, 0.57      ,-0.505     , 1.35      , 1.35      , 0.31666667] [all_vals] [58.95090248,69.47267911,52.18792994,41.25649397,56.15105033] [obj] 69.47267911045401
[Iteration] 38 [parameters] [-0.54166667, 0.39666667,-0.675     , 1.05      , 1.35      , 0.31666667] [all_vals] [73.85675271,60.63266186,50.24949178,56.33996591,63.47460933] [obj] 73.85675270539436
[Iteration] 39 [parameters] [-0.54166667, 0.39666667,-0.335     , 1.05      , 1.35      , 0.31666667] [all_vals] [46.43524508,49.74845479,64.68202632,44.47935276,47.3397811 ] [obj] 64.68202632497587
[Iteration] 40 [parameters] [-0.54166667, 0.39666667,-0.505     , 0.75      , 1.35      , 0.31666667] [all_vals] [74.28181277,63.58652128,61.03000062,81.29735724,59.28047804] [obj] 81.2973572352615
[Iteration] 41 [parameters] [-0.54166667, 0.39666667,-0.505     , 1.35      , 1.35      , 0.31666667] [all_vals] [57.316372  ,46.83463726,59.83182406,54.4456765 ,54.18899772] [obj] 59.83182406209573
[Iteration] 42 [parameters] [-0.54166667, 0.39666667,-0.675     , 0.75      , 1.35      , 0.31666667] [all_vals] [88.14862728,74.48304893,59.01455882,64.74568266,59.59978644] [obj] 88.14862728187437
[Iteration] 43 [parameters] [-0.54166667, 0.39666667,-0.335     , 0.75      , 1.35      , 0.31666667] [all_vals] [49.9455841 ,69.79609438,57.64800099,55.10174747,37.91966981] [obj] 69.79609437565453
[Iteration] 44 [parameters] [-0.61388889, 0.39666667,-0.675     , 0.75      , 1.35      , 0.31666667] [all_vals] [78.92564529,72.21811536,64.7415758 ,76.79315797,87.6003614 ] [obj] 87.60036140372492
[Iteration] 45 [parameters] [-0.46944444, 0.39666667,-0.675     , 0.75      , 1.35      , 0.31666667] [all_vals] [42.37869361,48.86445307,61.53925132,52.20230395,43.728824  ] [obj] 61.53925131932893
[Iteration] 46 [parameters] [-0.54166667, 0.33888889,-0.675     , 0.75      , 1.35      , 0.31666667] [all_vals] [76.93381794,67.57530955,61.81954455,51.99388078,78.44103575] [obj] 78.44103575022075
[Iteration] 47 [parameters] [-0.54166667, 0.45444444,-0.675     , 0.75      , 1.35      , 0.31666667] [all_vals] [70.11437607,77.84759441,67.68927493,59.3390008 ,74.03642785] [obj] 77.84759440645598
[Iteration] 48 [parameters] [-0.54166667, 0.39666667,-0.73166667, 0.75      , 1.35      , 0.31666667] [all_vals] [68.45828456,79.99240231,60.25688412,61.07517608,68.87923777] [obj] 79.99240230805562
[Iteration] 49 [parameters] [-0.54166667, 0.39666667,-0.61833333, 0.75      , 1.35      , 0.31666667] [all_vals] [68.19544549,63.4859032 ,64.19536335,74.23561059,63.68713937] [obj] 74.2356105874864
[Iteration] 50 [parameters] [-0.54166667, 0.39666667,-0.675     , 0.65      , 1.35      , 0.31666667] [all_vals] [82.66904865,61.9858724 ,73.16782685,62.34419598,88.37245118] [obj] 88.37245117969567
[Iteration] 51 [parameters] [-0.54166667, 0.39666667,-0.675     , 0.85      , 1.35      , 0.31666667] [all_vals] [67.8022136 ,66.51881969,66.77857862,90.5182858 ,75.28388673] [obj] 90.51828579642293
[Iteration] 52 [parameters] [-0.54166667, 0.39666667,-0.675     , 0.75      , 1.25      , 0.31666667] [all_vals] [71.8064026 ,63.79905132,69.70163658,67.51165322,64.9181708 ] [obj] 71.80640259553584
[Iteration] 53 [parameters] [-0.54166667, 0.39666667,-0.675     , 0.75      , 1.45      , 0.31666667] [all_vals] [68.33610546,70.47167293,69.66570155,67.07529929,67.48803877] [obj] 70.47167292962895
[Iteration] 54 [parameters] [-0.54166667, 0.39666667,-0.675     , 0.75      , 1.35      , 0.19444444] [all_vals] [61.93761679,74.58058687,65.22002505,53.7464835 ,59.02379926] [obj] 74.58058687036694
[Iteration] 55 [parameters] [-0.54166667, 0.39666667,-0.675     , 0.75      , 1.35      , 0.43888889] [all_vals] [58.85849812,65.73851619,86.04899485,69.96242223,73.25099078] [obj] 86.04899484589006
[Iteration] 56 [parameters] [-0.54166667, 0.57      ,-0.675     , 1.35      , 1.35      , 0.31666667] [all_vals] [56.71061007,60.39651738,43.43826362,58.32255282,46.77406107] [obj] 60.39651738228711
[Iteration] 57 [parameters] [-0.54166667, 0.57      ,-0.335     , 1.35      , 1.35      , 0.31666667] [all_vals] [49.90451549,48.81311731,36.88576767,40.5182858 ,43.60459147] [obj] 49.90451549313127
[Iteration] 58 [parameters] [-0.61388889, 0.39666667,-0.675     , 0.85      , 1.35      , 0.31666667] [all_vals] [ 81.5797039 ,100.        ,100.        , 81.47908581, 92.683628  ] [obj] 100.0
