[Iteration] 0 [parameters] [-0.25  1.    0.    0.9   0.9   0.5 ] [obj] 25.019246420165846
[Iteration] 1 [parameters] [-0.55  1.    0.    0.9   0.9   0.5 ] [obj] 91.10265490618745
[Iteration] 2 [parameters] [0.05 1.   0.   0.9  0.9  0.5 ] [obj] 0.0
[Iteration] 3 [parameters] [-0.25        0.66666667  0.          0.9         0.9         0.5       ] [obj] 57.16076809713393
[Iteration] 4 [parameters] [-0.25        1.33333333  0.          0.9         0.9         0.5       ] [obj] 0.0
[Iteration] 5 [parameters] [-0.25        1.         -0.86666667  0.9         0.9         0.5       ] [obj] 60.218199414908824
[Iteration] 6 [parameters] [-0.25        1.          0.86666667  0.9         0.9         0.5       ] [obj] 5.688142005586961
[Iteration] 7 [parameters] [-0.25        1.          0.          0.43333333  0.9         0.5       ] [obj] 21.595583221520798
[Iteration] 8 [parameters] [-0.25        1.          0.          1.36666667  0.9         0.5       ] [obj] 19.00226557860238
[Iteration] 9 [parameters] [-0.25        1.          0.          0.9         0.43333333  0.5       ] [obj] 0.0
[Iteration] 10 [parameters] [-0.25        1.          0.          0.9         1.36666667  0.5       ] [obj] 0.22985724655214132
[Iteration] 11 [parameters] [-0.25        1.          0.          0.9         0.9         0.16666667] [obj] 22.262059256978205
[Iteration] 12 [parameters] [-0.25        1.          0.          0.9         0.9         0.83333333] [obj] 16.43204363988298
[Iteration] 13 [parameters] [-0.55        0.66666667  0.          0.9         0.9         0.5       ] [obj] 96.89857686470317
[Iteration] 14 [parameters] [-0.55        1.33333333  0.          0.9         0.9         0.5       ] [obj] 18.953874579328243
[Iteration] 15 [parameters] [-0.55        1.         -0.86666667  0.9         0.9         0.5       ] [obj] 100.0
[Iteration] 16 [parameters] [-0.55        1.          0.86666667  0.9         0.9         0.5       ] [obj] 0.5498977190242614
[Iteration] 17 [parameters] [-0.55        1.          0.          0.43333333  0.9         0.5       ] [obj] 95.44684688647912
[Iteration] 18 [parameters] [-0.55        1.          0.          1.36666667  0.9         0.5       ] [obj] 80.19378395618415
[Iteration] 19 [parameters] [-0.55        1.          0.          0.9         0.43333333  0.5       ] [obj] 81.40575852891362
[Iteration] 20 [parameters] [-0.55        1.          0.          0.9         1.36666667  0.5       ] [obj] 80.78547390185426
[Iteration] 21 [parameters] [-0.55        1.          0.          0.9         0.9         0.16666667] [obj] 79.90343796053934
[Iteration] 22 [parameters] [-0.55        1.          0.          0.9         0.9         0.83333333] [obj] 85.84013373512526
[Iteration] 23 [parameters] [-0.55        0.66666667 -0.86666667  0.9         0.9         0.5       ] [obj] 100.0
[Iteration] 24 [parameters] [-0.55        1.33333333 -0.86666667  0.9         0.9         0.5       ] [obj] 89.5398455887205
[Iteration] 25 [parameters] [-0.55        1.         -0.86666667  0.43333333  0.9         0.5       ] [obj] 97.3186987220377
[Iteration] 26 [parameters] [-0.55        1.         -0.86666667  1.36666667  0.9         0.5       ] [obj] 100.0
[Iteration] 27 [parameters] [-0.55        1.         -0.86666667  0.9         0.43333333  0.5       ] [obj] 97.37478828937817
[Iteration] 28 [parameters] [-0.55        1.         -0.86666667  0.9         1.36666667  0.5       ] [obj] 100.0
[Iteration] 29 [parameters] [-0.55        1.         -0.86666667  0.9         0.9         0.16666667] [obj] 100.0
[Iteration] 30 [parameters] [-0.55        1.         -0.86666667  0.9         0.9         0.83333333] [obj] 97.22741570067967
[Iteration] 31 [parameters] [-0.65        1.         -0.86666667  0.9         0.9         0.5       ] [obj] 100.0
[Iteration] 32 [parameters] [-0.45        1.         -0.86666667  0.9         0.9         0.5       ] [obj] 100.0
[Iteration] 33 [parameters] [-0.55        0.88888889 -0.86666667  0.9         0.9         0.5       ] [obj] 96.96236500010998
[Iteration] 34 [parameters] [-0.55        1.11111111 -0.86666667  0.9         0.9         0.5       ] [obj] 97.5133625145723
[Iteration] 35 [parameters] [-0.55        1.         -1.15555556  0.9         0.9         0.5       ] [obj] 100.0
[Iteration] 36 [parameters] [-0.55        1.         -0.57777778  0.9         0.9         0.5       ] [obj] 100.0
[Iteration] 37 [parameters] [-0.55        1.         -0.86666667  0.74444444  0.9         0.5       ] [obj] 100.0
[Iteration] 38 [parameters] [-0.55        1.         -0.86666667  1.05555556  0.9         0.5       ] [obj] 97.43527703847084
[Iteration] 39 [parameters] [-0.55        1.         -0.86666667  0.9         0.74444444  0.5       ] [obj] 97.34069463079868
[Iteration] 40 [parameters] [-0.55        1.         -0.86666667  0.9         1.05555556  0.5       ] [obj] 100.0
[Iteration] 41 [parameters] [-0.55        1.         -0.86666667  0.9         0.9         0.38888889] [obj] 95.99784440094142
[Iteration] 42 [parameters] [-0.55        1.         -0.86666667  0.9         0.9         0.61111111] [obj] 100.0
[Iteration] 43 [parameters] [-0.55        0.66666667 -0.86666667  0.43333333  0.9         0.5       ] [obj] 100.0
[Iteration] 44 [parameters] [-0.55        0.66666667 -0.86666667  1.36666667  0.9         0.5       ] [obj] 100.0
[Iteration] 45 [parameters] [-0.55        0.66666667 -0.86666667  0.9         0.43333333  0.5       ] [obj] 100.0
[Iteration] 46 [parameters] [-0.55        0.66666667 -0.86666667  0.9         1.36666667  0.5       ] [obj] 96.97776213624266
[Iteration] 47 [parameters] [-0.55        0.66666667 -0.86666667  0.9         0.9         0.16666667] [obj] 97.4748696742406
[Iteration] 48 [parameters] [-0.55        0.66666667 -0.86666667  0.9         0.9         0.83333333] [obj] 100.0
[Iteration] 49 [parameters] [-0.58333333  1.         -0.86666667  0.9         0.9         0.5       ] [obj] 96.94806765941534
[Iteration] 50 [parameters] [-0.51666667  1.         -0.86666667  0.9         0.9         0.5       ] [obj] 100.0
[Iteration] 51 [parameters] [-0.55        0.96296296 -0.86666667  0.9         0.9         0.5       ] [obj] 100.0
[Iteration] 52 [parameters] [-0.55        1.03703704 -0.86666667  0.9         0.9         0.5       ] [obj] 100.0
[Iteration] 53 [parameters] [-0.55        1.         -0.96296296  0.9         0.9         0.5       ] [obj] 97.29780260871478
[Iteration] 54 [parameters] [-0.55        1.         -0.77037037  0.9         0.9         0.5       ] [obj] 100.0
[Iteration] 55 [parameters] [-0.55        1.         -0.86666667  0.84814815  0.9         0.5       ] [obj] 100.0
[Iteration] 56 [parameters] [-0.55        1.         -0.86666667  0.95185185  0.9         0.5       ] [obj] 97.9620790532961
[Iteration] 57 [parameters] [-0.55        1.         -0.86666667  0.9         0.84814815  0.5       ] [obj] 97.02945252183093
[Iteration] 58 [parameters] [-0.55        1.         -0.86666667  0.9         0.95185185  0.5       ] [obj] 100.0
[Iteration] 59 [parameters] [-0.55        1.         -0.86666667  0.9         0.9         0.46296296] [obj] 100.0
[Iteration] 60 [parameters] [-0.55        1.         -0.86666667  0.9         0.9         0.53703704] [obj] 97.30330158590502
