#  Upper/Lower Bound, ordered as:
#  POSE_MID_s1    POSE_MID_e1     POSE_MID_w1,  POSE_FINAL_s1,  POSE_FINAL_e1, POSE_FINAL_w1   D1   D2    a, toff = D1 * a
lb    = np.array( [ -0.65, 0.31, -0.76, -0.65, 0.31, -0.76, 0.6, 0.6, -0.6 ] )
ub    = np.array( [  0.00, 0.83, -0.25,  0.00, 0.83, -0.25, 1.5, 1.5,  0.5 ] )
# Algorith,
# GN_CRS2_LM
[Iteration] 1  [parameters] [-0.3575  0.5855 -0.543  -0.3575  0.5855 -0.543   1.08    1.08   -0.08  ] [obj] 29.27094826084432
[Iteration] 2  [parameters] [-0.3417011   0.46795949 -0.64601421 -0.45668763  0.58806842 -0.44235206 1.15371758  1.02305054 -0.18755489] [obj] 32.000174205911385
[Iteration] 3  [parameters] [-0.35929802  0.7879664  -0.39791539 -0.45872172  0.4254014  -0.33542165 1.35010695  1.08113592 -0.11065797] [obj] 32.33406886940364
[Iteration] 4  [parameters] [-0.21454796  0.66693896 -0.7300777  -0.02073879  0.78088977 -0.48761867 1.31528496  1.12846342 -0.56074115] [obj] 0.1872713547413042
[Iteration] 5  [parameters] [-0.63528458  0.34250834 -0.52173236 -0.55401818  0.40947366 -0.48854118 1.19176961  1.10865669  0.1990682 ] [obj] 66.26067011207248
[Iteration] 6  [parameters] [-0.45859467  0.64715823 -0.48121203 -0.48939411  0.56129155 -0.40987944 0.70507765  0.9035026  -0.30863239] [obj] 28.022472562568957
[Iteration] 7  [parameters] [-0.43038367  0.61932688 -0.39787537 -0.05081169  0.63447012 -0.52019434 0.74084364  1.06904749 -0.00699096] [obj] 36.08675454387086
[Iteration] 8  [parameters] [-0.35298112  0.58987945 -0.45167085 -0.53762614  0.81215569 -0.73378230 1.43241716  0.88418345 -0.12699578] [obj] 31.09430346669764
[Iteration] 9  [parameters] [-0.19405242  0.65725726 -0.66143199 -0.13317063  0.36053006 -0.47980339 0.74976488  1.30930788 -0.38675456] [obj] 15.93838917600604
[Iteration] 10 [parameters] [-0.45270041  0.61354282 -0.75079748 -0.30704417  0.3673143  -0.36895688 1.24896365  1.27569782  0.05076422] [obj] 35.09668428081993
[Iteration] 11 [parameters] [-0.15941277  0.45424151 -0.3322565  -0.63786729  0.4174045  -0.47546514 1.36458358  0.66068488  0.31821971] [obj] 23.297137216189537
[Iteration] 12 [parameters] [-0.11256027  0.48897905 -0.3351304  -0.06621316  0.69766041 -0.74984901 1.21493895  0.70718912  0.30212607] [obj] 22.54369664943964
[Iteration] 13 [parameters] [-0.62013866  0.64244938 -0.58714706 -0.25938342  0.42214785 -0.74122385 0.62662214  0.71702775 -0.59498512] [obj] 0.1524301724638523
[Iteration] 14 [parameters] [-0.41797163  0.41924932 -0.64380974 -0.52671185  0.60167393 -0.42803557 1.04749321  1.13775682 -0.55498481] [obj] 16.784739562162475
[Iteration] 15 [parameters] [-0.28642411  0.60842329 -0.44159308 -0.34714175  0.40923274 -0.43474418 0.81778956  1.14636013  0.05721907] [obj] 25.72295453225713
[Iteration] 16 [parameters] [-0.40640776  0.39791564 -0.52444257 -0.35472431  0.50496071 -0.66489836 1.45790754  0.82811796  0.31679072] [obj] 54.49160908193485
[Iteration] 17 [parameters] [-0.57517602  0.35084105 -0.34184463 -0.41574015  0.57711619 -0.36648768 0.78225876  1.26800114  0.08806465] [obj] 46.81058010568492
[Iteration] 18 [parameters] [-0.24688067  0.79291717 -0.42716117 -0.59553945  0.58516669 -0.34621757 1.26299624  0.98544948 -0.40582945] [obj] 11.329191103884792
[Iteration] 19 [parameters] [-0.46100756  0.42293671 -0.52684679 -0.20767358  0.66796356 -0.38435792 0.93191519  1.40911325  0.24087388] [obj] 46.80477324197201
[Iteration] 20 [parameters] [-0.54483831  0.33236023 -0.58553533 -0.26556623  0.77482203 -0.36699129 1.18449156  0.88274966 -0.24352415] [obj] 27.47807908948377
[Iteration] 21 [parameters] [-0.48471992  0.637022   -0.4348304  -0.48194871  0.34522203 -0.70455392 1.41839391  0.63641574  0.03364418] [obj] 34.147262063759364
[Iteration] 22 [parameters] [-0.61543613  0.66752858 -0.58992074 -0.4772792   0.51340192 -0.44464130 1.25485497  1.34485964 -0.20115367] [obj] 45.43435340572557
[Iteration] 23 [parameters] [-0.14140197  0.79788923 -0.71993643 -0.5462613   0.55299802 -0.63149014 0.72793679  0.72477397 -0.52281632] [obj] 0.1466233087509436
[Iteration] 24 [parameters] [-0.42614707  0.72572494 -0.39080506 -0.34660132  0.36901372 -0.72476867 0.99540593  0.73997507 -0.58798245] [obj] 0.16839904767435107
[Iteration] 25 [parameters] [-0.49960818  0.77925397 -0.29279298 -0.12286714  0.64870707 -0.75754731 1.07000167  0.89437657 -0.2051533 ] [obj] 32.675222112537014
[Iteration] 26 [parameters] [-0.38408519  0.7541197  -0.27459911 -0.08192796  0.57271737 -0.33903162 1.28323309  0.7509497  -0.37084062] [obj] 21.19650426804483
[Iteration] 27 [parameters] [-0.36127702  0.44644013 -0.39061967 -0.15362248  0.34614624 -0.69882479 1.14752163  1.13146383  0.2425768 ] [obj] 27.314035189594
[Iteration] 28 [parameters] [-0.40013578  0.58414959 -0.71453449 -0.25764387  0.47643763 -0.45445640 0.65296129  0.80141689  0.32367587] [obj] 26.502525985715113
[Iteration] 29 [parameters] [-0.56846343  0.44051597 -0.35383066 -0.07592469  0.72036674 -0.28167898 0.89199904  1.46252525  0.4998555 ] [obj] 64.40828058765462
[Iteration] 30 [parameters] [-0.24370241  0.52563062 -0.2704782  -0.2004019   0.48351995 -0.27174153 0.74539717  1.40011015  0.30963198] [obj] 31.53126996109401
[Iteration] 31 [parameters] [-0.29389721  0.48515923 -0.5925344  -0.26281645  0.48907544 -0.68935802 0.70516628  1.43332221 -0.56246514] [obj] 0.10016839904767436
[Iteration] 32 [parameters] [-0.059526    0.62487637 -0.49184829 -0.46845695  0.72436791 -0.67212769 0.82810945  1.21106423 -0.11152771] [obj] 12.689448928633645
[Iteration] 33 [parameters] [-0.41516545  0.56993286 -0.72357193 -0.15015522  0.59522499 -0.26590470 1.49786099  1.05159588  0.46327515] [obj] 33.10347831136403
[Iteration] 34 [parameters] [-0.14773833  0.78162638 -0.71672969 -0.53068802  0.59292171 -0.69798358 0.72670155  1.29879982  0.25375444] [obj] 22.944370245630335
[Iteration] 35 [parameters] [-0.26455888  0.79928444 -0.41672574 -0.64287828  0.57511506 -0.35289047 1.0044809   1.3405076  -0.02591051] [obj] 22.597410138784042
[Iteration] 36 [parameters] [-0.16645736  0.43357443 -0.46778851 -0.32439193  0.47492537 -0.66686267 1.36896499  1.40087174 -0.29592587] [obj] 18.468730038905985
[Iteration] 37 [parameters] [-0.58729085  0.49042921 -0.36749012 -0.20880288  0.4949213  -0.25107285 0.60603415  1.07530699  0.23071134] [obj] 39.79734045641949
[Iteration] 38 [parameters] [-0.61640841  0.45767123 -0.75627968 -0.12069573  0.53026496 -0.63582611 0.60452057  1.3345014  -0.49190651] [obj] 26.897392718192904
[Iteration] 39 [parameters] [-0.53061586  0.68382744 -0.54852681 -0.06584002  0.66516895 -0.51726128 1.16478571  0.68906748 -0.0254706 ] [obj] 33.385111201440104
[Iteration] 40 [parameters] [-0.64750115  0.76240502 -0.70039212 -0.59223163  0.78734042 -0.29242897 0.7661101   0.84652458 -0.20537696] [obj] 32.262934788920504
[Iteration] 41 [parameters] [-0.51875437  0.75716175 -0.49825534 -0.05678215  0.46756884 -0.59064191 0.72427329  1.29677865  0.37301267] [obj] 35.35363800011614
[Iteration] 42 [parameters] [-0.28290081  0.52609771 -0.61075081 -0.06029072  0.60303461 -0.28760067 0.72308508  0.79434634 -0.51518941] [obj] 0.1524301724638523
[Iteration] 43 [parameters] [-0.39007835  0.82770673 -0.61786695 -0.2398126   0.6325622  -0.6713342 0.75172215  1.21829919  0.03261854] [obj] 30.960745601300736
[Iteration] 44 [parameters] [-0.05565284  0.65459171 -0.42136139 -0.39762232  0.45399736 -0.38687084 1.40000974  1.10492612 -0.3348765 ] [obj] 0.13646129725335346
[Iteration] 45 [parameters] [-0.30655246  0.58750877 -0.66332052 -0.13881037  0.45581716 -0.57398568 0.6121485   1.44731345 -0.20528595] [obj] 20.3878984960223
[Iteration] 46 [parameters] [-0.47241061  0.33981541 -0.35934653 -0.03593512  0.38465316 -0.2689476 1.28819565  1.02427998  0.15113236] [obj] 55.71105046164566
[Iteration] 47 [parameters] [-0.50106909  0.70195127 -0.37017423 -0.59783649  0.40386119 -0.70197532 0.79371396  1.30288744  0.45792335] [obj] 34.340340282213575
[Iteration] 48 [parameters] [-0.60133921  0.74388064 -0.28835162 -0.44068516  0.73630397 -0.56993531 1.41621053  0.74350519  0.05223668] [obj] 46.316996690087684
[Iteration] 49 [parameters] [-0.04560324  0.66801513 -0.25371375 -0.28046924  0.75628595 -0.27495097 1.43798971  1.35362141 -0.45420776] [obj] 0.114685558329946
[Iteration] 50 [parameters] [-0.42516053  0.53937908 -0.60045726 -0.26583461  0.40924555 -0.59532782 1.14197257  1.4150709  -0.20728743] [obj] 31.458684164682655
[Iteration] 51 [parameters] [-0.42228451  0.53400859 -0.51604643 -0.12181059  0.66297688 -0.27706983 1.316998    0.66270854 -0.377277  ] [obj] 22.584344695429998
[Iteration] 52 [parameters] [-0.36561765  0.67690514 -0.3886387  -0.49265068  0.39995256 -0.53203798 1.03602358  1.21170616 -0.12143035] [obj] 30.512165379478546
[Iteration] 53 [parameters] [-0.54915807  0.7984799  -0.70575316 -0.09860894  0.62037831 -0.54297047 1.45216143  1.27173321 -0.40684221] [obj] 34.01080076650601
[Iteration] 54 [parameters] [-0.60510928  0.60075284 -0.71045401 -0.44760124  0.56866594 -0.38668433 1.00468608  1.36837301 -0.33339553] [obj] 36.697926949654494
[Iteration] 55 [parameters] [-0.27891765  0.67647962 -0.47742484 -0.26840556  0.64650399 -0.51751458 0.8585191   1.33094502 -0.50652711] [obj] 22.842750130654434
[Iteration] 56 [parameters] [-0.590862    0.36161144 -0.55960838 -0.42945504  0.63917274 -0.48820967 1.03468254  1.19838627 -0.02011835] [obj] 65.87886882294872
[Iteration] 57 [parameters] [-0.25099184  0.63554083 -0.26627754 -0.34290841  0.54367191 -0.74194157  1.05451877  0.66245156  0.27261916] [obj] 29.90970326926427
[Iteration] 58 [parameters] [-0.33610032  0.62313821 -0.35526637 -0.59608767  0.64264354 -0.72768763  0.94111879  0.96822183  0.2974548 ] [obj] 30.285697694675108
[Iteration] 59 [parameters] [-0.38016579  0.37083061 -0.34252043 -0.4366599   0.42588157 -0.72166632  0.80214183  0.97090267 -0.26462104] [obj] 20.04964868474537
[Iteration] 60 [parameters] [-0.58091869  0.61576493 -0.72882191 -0.52400027  0.56517261 -0.73320026  1.13038735  1.15715943  0.08730031] [obj] 63.55467162185704
[Iteration] 61 [parameters] [-0.58824673  0.70128528 -0.41119551 -0.50102712  0.35759489 -0.50603102  0.94108207  1.360029    0.33658139] [obj] 42.81110272341908
[Iteration] 62 [parameters] [-0.52685608  0.34533305 -0.52672307 -0.53494309  0.7780315  -0.47743338 0.70664444  0.67923131 -0.04670234] [obj] 33.009116776029266
[Iteration] 63 [parameters] [-0.64213268  0.33356569 -0.46185895 -0.38859129  0.48006301 -0.74097092 1.34714252  0.72278278  0.2171941 ] [obj] 92.44962545729052
[Iteration] 64 [parameters] [-0.49304676  0.41060575 -0.45990729 -0.06675867  0.69136469 -0.3130617 0.8374239   1.38534949 -0.27167019] [obj] 20.460484292433655
[Iteration] 65 [parameters] [-0.54140864  0.50223379 -0.71810903 -0.10891079  0.69881374 -0.32233001 0.70454475  1.08317099 -0.00773887] [obj] 38.69403635096684
[Iteration] 66 [parameters] [-0.42003682  0.7893556  -0.45272374 -0.18504989  0.38992984 -0.66470996 0.84216341  1.41230791  0.42721118] [obj] 28.115382381975497
[Iteration] 67 [parameters] [-0.4985873   0.6169231  -0.691146   -0.47517915  0.67515089 -0.6898137 0.76440662  0.63888142 -0.13296578] [obj] 28.26636083851112
[Iteration] 68 [parameters] [-0.33841321  0.40798618 -0.37604212 -0.39097288  0.349922   -0.3321497 0.74973673  1.1073664  -0.03232969] [obj] 27.494047964694268
[Iteration] 69 [parameters] [-0.08891036  0.37250499 -0.6153005  -0.48635413  0.69362187 -0.73083296 0.97153288  0.96420584  0.04846164] [obj] 17.459787468788107
[Iteration] 70 [parameters] [-0.42363278  0.65837967 -0.59219882 -0.14818218  0.72675325 -0.48978634 1.28166548  1.29000069  0.09447058] [obj] 33.45334185006678
[Iteration] 71 [parameters] [-0.31398032  0.80627956 -0.53183059 -0.57816725  0.42402167 -0.40146279 1.2394649   1.16095334 -0.20163582] [obj] 30.220370477904883
[Iteration] 72 [parameters] [-0.32702489  0.75849542 -0.61069841 -0.18364668  0.58189244 -0.45200433 0.7565824   1.24598088  0.04596625] [obj] 21.229893734394054
[Iteration] 73 [parameters] [-0.30552818  0.67081767 -0.42329297 -0.16918154  0.31487659 -0.63224299 1.28863364  0.87087891 -0.59035694] [obj] 0.1350095813251263
[Iteration] 74 [parameters] [-0.44977316  0.58969719 -0.7004014  -0.07134737  0.64700407 -0.46399661 0.96210672  1.33011983  0.48250298] [obj] 50.68666163405145
[Iteration] 75 [parameters] [-0.50240007  0.34706639 -0.67431382 -0.44443712  0.69823458 -0.5584041 1.01494512  0.67320221 -0.52375156] [obj] 5.18117414784275
[Iteration] 76 [parameters] [-0.46423114  0.33700176 -0.6409125  -0.02862259  0.55112286 -0.47730104 1.0612637   1.4355301  -0.0914134 ] [obj] 35.07636025782475
[Iteration] 77 [parameters] [-0.45981336  0.51054148 -0.51541183 -0.28858947  0.31659336 -0.62337182 0.93335642  0.66786142  0.14421137] [obj] 30.110040067359616
[Iteration] 78 [parameters] [-0.55879906  0.48267334 -0.34596316 -0.3330703   0.41890424 -0.7032098 0.82613643  1.05355225  0.01576209] [obj] 35.29556936298705
[Iteration] 79 [parameters] [-0.50000527  0.61002345 -0.34011635 -0.64239483  0.64821945 -0.54393427 0.82304448  1.33000258  0.22722623] [obj] 38.24545612914465
[Iteration] 80 [parameters] [-0.1823755   0.77203952 -0.27726863 -0.1407334   0.4066565  -0.60620128 0.72037433  1.48361576  0.05961179] [obj] 21.955751698507637
[Iteration] 81 [parameters] [-0.53472456  0.45671249 -0.6664287  -0.58524354  0.50621492 -0.67637199 1.30546231  1.1807928  -0.4889016 ] [obj] 30.885256373032927
[Iteration] 82 [parameters] [-0.47505926  0.67788661 -0.63268795 -0.3423844   0.38336347 -0.53361348 1.38783152  0.97526728 -0.09019852] [obj] 26.794320887288777
[Iteration] 83 [parameters] [-0.13292386  0.603567   -0.28454458 -0.57393184  0.43916975 -0.64073565 1.26204223  0.78812949  0.13319536] [obj] 19.287497822426108
[Iteration] 84 [parameters] [-0.05791109  0.44226326 -0.55256198 -0.08700971  0.51770707 -0.6451917 0.68859292  0.85967762 -0.40115346] [obj] 0.1262992857557633
[Iteration] 85 [parameters] [-0.60556997  0.53897547 -0.65390148 -0.19784321  0.82618135 -0.42804241 0.86937511  0.64883977 -0.2697036 ] [obj] 29.198362464432957
[Iteration] 86 [parameters] [-0.14840613  0.34353358 -0.34594914 -0.01088287  0.43125454 -0.48906764 0.92343568  0.79982482  0.46230336] [obj] 0.10162011497590151
[Iteration] 87 [parameters] [-0.34591316  0.5553568  -0.65321774 -0.46484867  0.53232927 -0.35442016 0.88035343  0.78150272  0.35739105] [obj] 22.58869984321468
[Iteration] 88 [parameters] [-0.26667103  0.36767478 -0.44764275 -0.30484033  0.31020232 -0.26831089 1.14957503  0.93216731  0.16217696] [obj] 34.15597235932873
[Iteration] 89 [parameters] [-0.21002738  0.34877596 -0.69582912 -0.49462901  0.32528937 -0.4476907 0.7476584   1.33334305  0.49473081] [obj] 25.676499622553862
[Iteration] 90 [parameters] [-0.40927425  0.38760624 -0.41058247 -0.47250471  0.6478881  -0.3552287 0.83928701  0.69566175 -0.50729629] [obj] 0.12339585389930897
[Iteration] 91 [parameters] [-0.62320674  0.80670485 -0.72353746 -0.6159375   0.33611866 -0.38988881 0.75889952  0.84917327  0.22539755] [obj] 45.17014110678822
[Iteration] 92 [parameters] [-0.49925455  0.38960213 -0.72472298 -0.34932056  0.31339403 -0.28440993 0.81413728  1.48387168  0.14257579] [obj] 58.09331629986644
[Iteration] 93 [parameters] [-0.57234644  0.38414132 -0.33414625 -0.2272471   0.69871151 -0.71521855 1.2912826   0.9547752  -0.04642969] [obj] 58.341559723593285
[Iteration] 94 [parameters] [-0.13302846  0.82394572 -0.67631051 -0.15159096  0.55566414 -0.73649919 1.38197943  1.40626212 -0.26039637] [obj] 12.496370710179432
[Iteration] 95 [parameters] [-0.28595023  0.55259199 -0.63014757 -0.41854746  0.60216911 -0.74546869 0.8642081   1.18496252  0.2455737 ] [obj] 21.63201904651298
[Iteration] 96 [parameters] [-0.46051388  0.56364873 -0.67564623 -0.59004449  0.74955363 -0.32166846 1.4170731   1.03420739 -0.01710705] [obj] 39.264560710760115
[Iteration] 97 [parameters] [-0.57319298  0.81743899 -0.33666255 -0.02382652  0.6729588  -0.41993185 0.95531721  1.14515383 -0.16718977] [obj] 36.647116892166544
[Iteration] 98 [parameters] [-0.20611685  0.45838166 -0.46449794 -0.23569683  0.41169768 -0.49341477 0.76865584  1.14547337 -0.03332448] [obj] 2.2820974391731026
[Iteration] 99 [parameters] [-0.20705596  0.50412737 -0.52179163 -0.58740763  0.50805847 -0.75502409 0.69972138  1.26297157  0.11182449] [obj] 25.323732651994657
[Iteration] 100 [parameters] [-0.12697366  0.39558599 -0.28286369 -0.40748854  0.39989017 -0.60947588 0.65601636  0.60897615 -0.25909473] [obj] 0.4819696881714186
