[Iteration] 1 [parameters] [-0.325, 0.57 ,-0.505, 1.05 , 1.05 ,-0.05 ] [all_vals] [0.71799223,0.3198329 ,0.27251069,0.56297118,0.59887079] [obj] 0.7179922326294834
[Iteration] 2 [parameters] [-0.54166667, 0.57      ,-0.505     , 1.05      , 1.05      ,-0.05      ] [all_vals] [36.55722724,38.79932117,43.60823733,40.95166607,42.74664665] [obj] 43.60823732906889
[Iteration] 3 [parameters] [-0.10833333, 0.57      ,-0.505     , 1.05      , 1.05      ,-0.05      ] [all_vals] [0.3018831 ,0.43079534,0.49443556,0.48301296,0.40142293] [obj] 0.49443556019712154
[Iteration] 4 [parameters] [-0.325     , 0.39666667,-0.505     , 1.05      , 1.05      ,-0.05      ] [all_vals] [ 0.56623478, 8.3319735 , 0.40468653,18.35286055, 0.73920564] [obj] 18.352860546326816
[Iteration] 5 [parameters] [-0.325     , 0.74333333,-0.505     , 1.05      , 1.05      ,-0.05      ] [all_vals] [0.41610913,0.65435201,0.65108841,0.26598349,0.40795013] [obj] 0.6543520120100519
[Iteration] 6 [parameters] [-0.325, 0.57 ,-0.675, 1.05 , 1.05 ,-0.05 ] [all_vals] [ 0.63640221, 0.51728077, 0.53523057, 0.77020985,19.19976502] [obj] 19.199765020723866
[Iteration] 7 [parameters] [-0.325, 0.57 ,-0.335, 1.05 , 1.05 ,-0.05 ] [all_vals] [1.19774159,0.27577429,0.2953559 ,0.51891257,0.54012598] [obj] 1.1977415880682745
[Iteration] 8 [parameters] [-0.325, 0.57 ,-0.505, 0.75 , 1.05 ,-0.05 ] [all_vals] [21.40432754, 0.53359877, 0.54502138, 0.38184132, 0.54338958] [obj] 21.40432753500212
[Iteration] 9 [parameters] [-0.325, 0.57 ,-0.505, 1.35 , 1.05 ,-0.05 ] [all_vals] [0.63966581,0.58092099,0.50912176,0.25292908,0.26761529] [obj] 0.6396658072517216
[Iteration] 10 [parameters] [-0.325, 0.57 ,-0.505, 1.05 , 0.75 ,-0.05 ] [all_vals] [0.51891257,0.54665318,3.83636304,1.87167521,0.65598381] [obj] 3.8363630429816262
[Iteration] 11 [parameters] [-0.325, 0.57 ,-0.505, 1.05 , 1.35 ,-0.05 ] [all_vals] [16.26741947, 0.42916354,18.62373943, 0.42589994,22.77667178] [obj] 22.776671779641656
[Iteration] 12 [parameters] [-0.325     , 0.57      ,-0.505     , 1.05      , 1.05      ,-0.41666667] [all_vals] [0.33615091,0.34267811,0.34104631,0.37531412,0.35246891] [obj] 0.37531412160177535
[Iteration] 13 [parameters] [-0.325     , 0.57      ,-0.505     , 1.05      , 1.05      , 0.31666667] [all_vals] [ 0.20887047, 0.52543977, 0.26271989, 0.3067785 ,18.74449267] [obj] 18.744492673215625
[Iteration] 14 [parameters] [-0.54166667, 0.39666667,-0.505     , 1.05      , 1.05      ,-0.05      ] [all_vals] [54.6359453 ,50.16154825,57.75921151,50.57928919,53.17385203] [obj] 57.75921151398453
[Iteration] 15 [parameters] [-0.54166667, 0.74333333,-0.505     , 1.05      , 1.05      ,-0.05      ] [all_vals] [32.11546621,28.66747169, 0.24966548,33.29852159,40.47844392] [obj] 40.47844391501583
[Iteration] 16 [parameters] [-0.54166667, 0.39666667,-0.675     , 1.05      , 1.05      ,-0.05      ] [all_vals] [41.58480467,52.4770732 ,54.44502464,53.73519141,49.26079436] [obj] 54.44502464018799
[Iteration] 17 [parameters] [-0.54166667, 0.39666667,-0.335     , 1.05      , 1.05      ,-0.05      ] [all_vals] [49.0829281 ,57.07222349,35.74948598,48.7598316 ,46.69070853] [obj] 57.07222349140041
[Iteration] 18 [parameters] [-0.10833333, 0.39666667,-0.505     , 1.05      , 1.05      ,-0.05      ] [all_vals] [2.37100617,0.75715545,0.77184165,0.86811788,0.42753174] [obj] 2.3710061682059984
[Iteration] 19 [parameters] [-0.10833333, 0.74333333,-0.505     , 1.05      , 1.05      ,-0.05      ] [all_vals] [0.58581639,0.3084103 ,0.33451911,0.3214647 ,0.34267811] [obj] 0.5858163898045103
[Iteration] 20 [parameters] [-0.54166667, 0.39666667,-0.505     , 0.75      , 1.05      ,-0.05      ] [all_vals] [42.70258804,33.26099018,36.56049085,43.98844685,39.15179009] [obj] 43.98844685225678
[Iteration] 21 [parameters] [-0.54166667, 0.39666667,-0.505     , 1.35      , 1.05      ,-0.05      ] [all_vals] [49.73238471,51.8553572 ,58.39398192,48.19033321,58.60122059] [obj] 58.60122058679546
[Iteration] 22 [parameters] [-0.54166667, 0.57      ,-0.675     , 1.05      , 1.05      ,-0.05      ] [all_vals] [44.7537613 ,40.04764858,45.58434777,45.95803009,37.0288176 ] [obj] 45.95803009040175
[Iteration] 23 [parameters] [-0.54166667, 0.57      ,-0.335     , 1.05      , 1.05      ,-0.05      ] [all_vals] [33.55960967,33.05701511,46.66786332,32.54626154,28.35090239] [obj] 46.66786332038772
[Iteration] 24 [parameters] [-0.54166667, 0.39666667,-0.505     , 1.35      , 0.75      ,-0.05      ] [all_vals] [34.69207924,42.62099801,41.00225188,40.56819294,47.09213146] [obj] 47.09213145785059
[Iteration] 25 [parameters] [-0.54166667, 0.39666667,-0.505     , 1.35      , 1.35      ,-0.05      ] [all_vals] [54.87418818,63.59616201,65.51842303,54.29000359,62.25155837] [obj] 65.51842302796906
[Iteration] 26 [parameters] [-0.54166667, 0.39666667,-0.335     , 0.75      , 1.05      ,-0.05      ] [all_vals] [40.86844424,33.17940015,37.08429882,36.87542835,32.02245358] [obj] 40.86844424137593
[Iteration] 27 [parameters] [-0.54166667, 0.39666667,-0.335     , 1.35      , 1.05      ,-0.05      ] [all_vals] [54.65389511,50.78489605,54.67021311,58.37440031,56.72138638] [obj] 58.3744003133057
[Iteration] 28 [parameters] [-0.54166667, 0.74333333,-0.675     , 1.05      , 1.05      ,-0.05      ] [all_vals] [41.58806827,40.63346497,37.58852518,37.62605659,34.34124213] [obj] 41.58806827453412
[Iteration] 29 [parameters] [-0.54166667, 0.74333333,-0.335     , 1.05      , 1.05      ,-0.05      ] [all_vals] [19.73499559, 0.36715512,20.55415946,31.83806012,38.75526256] [obj] 38.75526255670507
[Iteration] 30 [parameters] [-0.54166667, 0.39666667,-0.505     , 1.35      , 1.35      ,-0.41666667] [all_vals] [23.16504031,19.07411638, 0.24150648, 0.25456088,23.80307431] [obj] 23.803074312196077
[Iteration] 31 [parameters] [-0.54166667, 0.39666667,-0.505     , 1.35      , 1.35      , 0.31666667] [all_vals] [52.1621357 ,41.90626938,43.67187755,45.43422212,23.4440782 ] [obj] 52.16213570053196
[Iteration] 32 [parameters] [-0.54166667, 0.39666667,-0.675     , 0.75      , 1.05      ,-0.05      ] [all_vals] [38.91354721,39.62338044,46.76087595,46.66623152,35.11634738] [obj] 46.760875950523804
[Iteration] 33 [parameters] [-0.54166667, 0.39666667,-0.675     , 1.35      , 1.05      ,-0.05      ] [all_vals] [49.9983682 ,53.13795242,53.52142554,56.25632323,53.26849646] [obj] 56.256323227048725
[Iteration] 34 [parameters] [-0.325     , 0.39666667,-0.505     , 1.05      , 1.35      ,-0.05      ] [all_vals] [ 0.26271989,15.83172873,15.36013838, 0.42753174,18.96315394] [obj] 18.96315394406188
[Iteration] 35 [parameters] [-0.325     , 0.74333333,-0.505     , 1.05      , 1.35      ,-0.05      ] [all_vals] [0.51238537,0.25292908,1.77703078,0.46179955,0.6021344 ] [obj] 1.7770307757579713
[Iteration] 36 [parameters] [-0.61388889, 0.39666667,-0.505     , 1.35      , 1.35      ,-0.05      ] [all_vals] [63.20779348,72.2300186 ,67.48637447,60.70461147,59.15929637] [obj] 72.23001860252603
[Iteration] 37 [parameters] [-0.46944444, 0.39666667,-0.505     , 1.35      , 1.35      ,-0.05      ] [all_vals] [50.12238504,54.66368591,47.95209034,44.92999576,47.68447505] [obj] 54.663685911034236
[Iteration] 38 [parameters] [-0.54166667, 0.33888889,-0.505     , 1.35      , 1.35      ,-0.05      ] [all_vals] [63.77239646,59.95235142,50.82732287,67.37704383,58.67628341] [obj] 67.3770438301622
[Iteration] 39 [parameters] [-0.54166667, 0.45444444,-0.505     , 1.35      , 1.35      ,-0.05      ] [all_vals] [56.98573806,58.60448419,58.75624164,58.38419112,60.57080382] [obj] 60.57080382494044
[Iteration] 40 [parameters] [-0.54166667, 0.39666667,-0.56166667, 1.35      , 1.35      ,-0.05      ] [all_vals] [55.60686662,64.90323423,49.51698704,50.97581672,59.51666068] [obj] 64.90323422864789
[Iteration] 41 [parameters] [-0.54166667, 0.39666667,-0.44833333, 1.35      , 1.35      ,-0.05      ] [all_vals] [53.41699031,58.43151333,54.28347639,54.0109657 ,61.01465357] [obj] 61.014653568747754
[Iteration] 42 [parameters] [-0.54166667, 0.39666667,-0.505     , 1.25      , 1.35      ,-0.05      ] [all_vals] [52.89644594,55.65092523,50.68046082,52.72510688,59.2490454 ] [obj] 59.24904539669071
[Iteration] 43 [parameters] [-0.54166667, 0.39666667,-0.505     , 1.45      , 1.35      ,-0.05      ] [all_vals] [61.00486277,64.29130903,63.93720832,51.96142424,59.28984041] [obj] 64.29130903038413
[Iteration] 44 [parameters] [-0.54166667, 0.39666667,-0.505     , 1.35      , 1.25      ,-0.05      ] [all_vals] [51.37397605,52.80343331,57.26640775,52.08544108,49.35217519] [obj] 57.26640775431612
[Iteration] 45 [parameters] [-0.54166667, 0.39666667,-0.505     , 1.35      , 1.45      ,-0.05      ] [all_vals] [66.22336086,65.81704252,56.23021442,58.50983976,54.9476192 ] [obj] 66.22336085636891
[Iteration] 46 [parameters] [-0.54166667, 0.39666667,-0.505     , 1.35      , 1.35      ,-0.17222222] [all_vals] [47.88845012,48.36493587,48.65865997,49.61326327,50.77510525] [obj] 50.7751052511341
[Iteration] 47 [parameters] [-0.54166667, 0.39666667,-0.505     , 1.35      , 1.35      , 0.07222222] [all_vals] [55.2397115 ,56.09477497,58.51310336,53.37945889,57.45080121] [obj] 58.51310335824549
[Iteration] 48 [parameters] [-0.54166667, 0.39666667,-0.335     , 1.35      , 0.75      ,-0.05      ] [all_vals] [39.15668549,42.12656245,47.19003949,45.94334389,39.53363141] [obj] 47.1900394895728
[Iteration] 49 [parameters] [-0.54166667, 0.39666667,-0.335     , 1.35      , 1.35      ,-0.05      ] [all_vals] [60.38477856,49.29832577,45.08012141,40.53229333,47.66652524] [obj] 60.38477856466825
[Iteration] 50 [parameters] [-0.54166667, 0.57      ,-0.335     , 0.75      , 1.05      ,-0.05      ] [all_vals] [39.30354753,39.99379916,27.86952123,35.01680755,39.04572305] [obj] 39.99379915799093
[Iteration] 51 [parameters] [-0.54166667, 0.57      ,-0.335     , 1.35      , 1.05      ,-0.05      ] [all_vals] [37.9573121 ,43.93622924,38.97555563,39.79798309,37.81860905] [obj] 43.93622923533827
[Iteration] 52 [parameters] [-0.325     , 0.39666667,-0.505     , 1.05      , 0.75      ,-0.05      ] [all_vals] [0.37368232,1.70196795,0.63803401,0.25292908,0.6315068 ] [obj] 1.7019679514376163
[Iteration] 53 [parameters] [-0.325     , 0.74333333,-0.505     , 1.05      , 0.75      ,-0.05      ] [all_vals] [13.40687314, 0.27740609,18.89788192, 0.24150648, 0.3133057 ] [obj] 18.897881922913744
[Iteration] 54 [parameters] [-0.61388889, 0.33888889,-0.505     , 1.35      , 1.35      ,-0.05      ] [all_vals] [81.36973336,72.81909859,19.10512059,63.37750073,57.21908554] [obj] 81.3697333637936
[Iteration] 55 [parameters] [-0.61388889, 0.45444444,-0.505     , 1.35      , 1.35      ,-0.05      ] [all_vals] [49.74707092,55.16791227,49.3978656 ,65.65712607,54.29653079] [obj] 65.65712607290884
[Iteration] 56 [parameters] [-0.54166667, 0.39666667,-0.505     , 1.05      , 0.75      ,-0.05      ] [all_vals] [33.77500734,42.05313143,35.07228876,35.25505042,30.873666  ] [obj] 42.05313142521458
[Iteration] 57 [parameters] [-0.54166667, 0.39666667,-0.505     , 1.05      , 1.35      ,-0.05      ] [all_vals] [42.17225286,45.66267419,52.4721778 ,59.67494533,49.01765608] [obj] 59.674945334682285
[Iteration] 58 [parameters] [-0.54166667, 0.57      ,-0.675     , 0.75      , 1.05      ,-0.05      ] [all_vals] [40.23693744,40.29078685,45.050749  ,40.71015959,27.88420743] [obj] 45.05074899644267
[Iteration] 59 [parameters] [-0.54166667, 0.57      ,-0.675     , 1.35      , 1.05      ,-0.05      ] [all_vals] [41.54074606,42.32237851,45.65125159,45.76221403,48.00920335] [obj] 48.00920335498189
[Iteration] 60 [parameters] [-0.10833333, 0.39666667,-0.675     , 1.05      , 1.05      ,-0.05      ] [all_vals] [0.79468686,0.70656963,0.605398  ,0.82732287,0.76041905] [obj] 0.8273228680526092
[Iteration] 61 [parameters] [-0.10833333, 0.39666667,-0.335     , 1.05      , 1.05      ,-0.05      ] [all_vals] [0.70656963,0.68698802,0.69677883,0.72125583,0.35899612] [obj] 0.7212558336868901
[Iteration] 62 [parameters] [-0.61388889, 0.33888889,-0.56166667, 1.35      , 1.35      ,-0.05      ] [all_vals] [30.30743122,66.55298456,59.10055155,48.4693711 ,66.28536928] [obj] 66.552984563167
[Iteration] 63 [parameters] [-0.61388889, 0.33888889,-0.44833333, 1.35      , 1.35      ,-0.05      ] [all_vals] [85.46881629,72.87457981,62.39189321,48.64397376,67.18122777] [obj] 85.46881629189647
[Iteration] 64 [parameters] [-0.54166667, 0.39666667,-0.335     , 1.05      , 0.75      ,-0.05      ] [all_vals] [32.85793545,35.45249829,22.25449561,30.53588329,28.53203224] [obj] 35.45249828660945
[Iteration] 65 [parameters] [-0.54166667, 0.39666667,-0.335     , 1.05      , 1.35      ,-0.05      ] [all_vals] [49.74054372,47.32221533,35.99099246,47.49681799,51.70359975] [obj] 51.70359975196632
[Iteration] 66 [parameters] [-0.54166667, 0.57      ,-0.505     , 0.75      , 1.05      ,-0.05      ] [all_vals] [30.84592539,35.29747724,28.44717862,38.56434189,26.27851571] [obj] 38.56434189484678
[Iteration] 67 [parameters] [-0.54166667, 0.57      ,-0.505     , 1.35      , 1.05      ,-0.05      ] [all_vals] [45.08664861,41.90626938,41.83773376,46.44104305,40.23367384] [obj] 46.441043046897946
[Iteration] 68 [parameters] [-0.10833333, 0.74333333,-0.675     , 1.05      , 1.05      ,-0.05      ] [all_vals] [0.33125551,0.32472831,0.36552332,0.3084103 ,0.36062792] [obj] 0.3655233184295552
[Iteration] 69 [parameters] [-0.10833333, 0.74333333,-0.335     , 1.05      , 1.05      ,-0.05      ] [all_vals] [0.3230965 ,0.36715512,0.36062792,0.34594171,0.3133057 ] [obj] 0.3671551189582586
[Iteration] 70 [parameters] [-0.61388889, 0.33888889,-0.44833333, 1.25      , 1.35      ,-0.05      ] [all_vals] [69.07411638,42.84292288,55.92833132,60.44678698,69.77252701] [obj] 69.77252700629874
[Iteration] 71 [parameters] [-0.61388889, 0.33888889,-0.44833333, 1.45      , 1.35      ,-0.05      ] [all_vals] [43.10890637,53.66012859,46.35782122,21.85633628,67.39825724] [obj] 67.39825723703534
[Iteration] 72 [parameters] [-0.54166667, 0.39666667,-0.675     , 1.35      , 0.75      ,-0.05      ] [all_vals] [49.40276101,49.62468588,42.06292223,39.91057733,39.91710453] [obj] 49.624685878398225
[Iteration] 73 [parameters] [-0.54166667, 0.39666667,-0.675     , 1.35      , 1.35      ,-0.05      ] [all_vals] [58.98632551,67.31014001,57.7265755 ,60.77314709,56.46356189] [obj] 67.31014000848536
[Iteration] 74 [parameters] [-0.54166667, 0.74333333,-0.675     , 0.75      , 1.05      ,-0.05      ] [all_vals] [27.51215691,22.16801018,29.56333018,27.36855847,27.75203159] [obj] 29.563330178518974
[Iteration] 75 [parameters] [-0.54166667, 0.74333333,-0.675     , 1.35      , 1.05      ,-0.05      ] [all_vals] [35.8114944 ,33.73258053,27.1629516 ,36.74488431,46.2827584 ] [obj] 46.28275839561372
[Iteration] 76 [parameters] [-0.10833333, 0.57      ,-0.675     , 1.05      , 1.05      ,-0.05      ] [all_vals] [0.25292908,0.28066969,0.44384974,0.3165693 ,0.43569074] [obj] 0.443849743807317
[Iteration] 77 [parameters] [-0.10833333, 0.57      ,-0.335     , 1.05      , 1.05      ,-0.05      ] [all_vals] [0.47811755,0.3116739 ,0.2953559 ,0.35899612,0.38347312] [obj] 0.4781175549100878
[Iteration] 78 [parameters] [-0.61388889, 0.33888889,-0.44833333, 1.35      , 1.25      ,-0.05      ] [all_vals] [61.47971672,47.2161483 ,67.33624882,68.09503606,38.02747952] [obj] 68.09503606279168
[Iteration] 79 [parameters] [-0.61388889, 0.33888889,-0.44833333, 1.35      , 1.45      ,-0.05      ] [all_vals] [62.0345289 ,56.24163702,39.30028393, 0.26435169, 0.25456088] [obj] 62.03452889918736
[Iteration] 80 [parameters] [-0.54166667, 0.39666667,-0.675     , 1.35      , 1.35      ,-0.41666667] [all_vals] [0.24966548,0.25129728,0.25129728,0.25129728,0.25292908] [obj] 0.2529290819490226
[Iteration] 81 [parameters] [-0.54166667, 0.39666667,-0.675     , 1.35      , 1.35      , 0.31666667] [all_vals] [0.24966548,0.25129728,0.24966548,0.24803368,0.24640188] [obj] 0.2512972814203192
[Iteration] 82 [parameters] [-0.54166667, 0.39666667,-0.675     , 1.05      , 0.75      ,-0.05      ] [all_vals] [0.24966548,0.25456088,0.25292908,0.25619268,0.25129728] [obj] 0.2561926830064293
[Iteration] 83 [parameters] [-0.54166667, 0.39666667,-0.675     , 1.05      , 1.35      ,-0.05      ] [all_vals] [0.25619268,0.24966548,0.24640188,0.24640188,0.24966548] [obj] 0.2561926830064293
[Iteration] 84 [parameters] [-0.54166667, 0.74333333,-0.505     , 0.75      , 1.05      ,-0.05      ] [all_vals] [0.25456088,0.24966548,0.25292908,0.25129728,0.24803368] [obj] 0.2545608824777259
[Iteration] 85 [parameters] [-0.54166667, 0.74333333,-0.505     , 1.35      , 1.05      ,-0.05      ] [all_vals] [0.24803368,0.24640188,0.25129728,0.24966548,0.24966548] [obj] 0.2512972814203192
[Iteration] 86 [parameters] [-0.61388889, 0.33888889,-0.44833333, 1.35      , 1.35      ,-0.17222222] [all_vals] [0.24477008,0.24640188,0.24966548,0.24803368,0.24966548] [obj] 0.2496654808916158
[Iteration] 87 [parameters] [-0.61388889, 0.33888889,-0.44833333, 1.35      , 1.35      , 0.07222222] [all_vals] [0.24640188,0.24640188,0.24640188,0.24966548,0.24640188] [obj] 0.2496654808916158
[Iteration] 88 [parameters] [-0.61388889, 0.33888889,-0.505     , 1.25      , 1.35      ,-0.05      ] [all_vals] [0.24966548,0.24966548,0.25292908,0.24966548,0.25292908] [obj] 0.2529290819490226
[Iteration] 89 [parameters] [-0.61388889, 0.33888889,-0.505     , 1.45      , 1.35      ,-0.05      ] [all_vals] [0.24640188,0.24803368,0.24477008,0.24966548,0.24966548] [obj] 0.2496654808916158
[Iteration] 90 [parameters] [-0.54166667, 0.39666667,-0.335     , 1.35      , 1.35      ,-0.41666667] [all_vals] [0.24803368,0.24640188,0.24477008,0.24803368,0.24150648] [obj] 0.24803368036291243
[Iteration] 91 [parameters] [-0.54166667, 0.39666667,-0.335     , 1.35      , 1.35      , 0.31666667] [all_vals] [0.24477008,0.24477008,0.24640188,0.24803368,0.24966548] [obj] 0.2496654808916158
[Iteration] 92 [parameters] [-0.54166667, 0.57      ,-0.675     , 1.35      , 0.75      ,-0.05      ] [all_vals] [0.24477008,0.24803368,0.24640188,0.24313828,0.24313828] [obj] 0.24803368036291243
[Iteration] 93 [parameters] [-0.54166667, 0.57      ,-0.675     , 1.35      , 1.35      ,-0.05      ] [all_vals] [0.24313828,0.24803368,0.24640188,0.24640188,0.24803368] [obj] 0.24803368036291243
[Iteration] 94 [parameters] [-0.54166667, 0.74333333,-0.335     , 0.75      , 1.05      ,-0.05      ] [all_vals] [0.23987468,0.24150648,0.24477008,0.24477008,0.24477008] [obj] 0.2447700793055057
[Iteration] 95 [parameters] [-0.54166667, 0.74333333,-0.335     , 1.35      , 1.05      ,-0.05      ] [all_vals] [0.24313828,0.24477008,0.23987468,0.23987468,0.24477008] [obj] 0.2447700793055057
[Iteration] 96 [parameters] [-0.63796296, 0.33888889,-0.44833333, 1.35      , 1.35      ,-0.05      ] [all_vals] [0.24640188,0.24313828,0.24477008,0.24640188,0.24640188] [obj] 0.24640187983420905
[Iteration] 97 [parameters] [-0.58981481, 0.33888889,-0.44833333, 1.35      , 1.35      ,-0.05      ] [all_vals] [0.24640188,0.24803368,0.24966548,0.25129728,0.24477008] [obj] 0.2512972814203192
[Iteration] 98 [parameters] [-0.61388889, 0.31962963,-0.44833333, 1.35      , 1.35      ,-0.05      ] [all_vals] [0.24803368,0.24313828,0.24477008,0.24477008,0.24313828] [obj] 0.24803368036291243
[Iteration] 99 [parameters] [-0.61388889, 0.35814815,-0.44833333, 1.35      , 1.35      ,-0.05      ] [all_vals] [0.24477008,0.24477008,0.24150648,0.24150648,0.24313828] [obj] 0.2447700793055057
[Iteration] 100 [parameters] [-0.61388889, 0.33888889,-0.46722222, 1.35      , 1.35      ,-0.05      ] [all_vals] [0.24150648,0.24313828,0.24150648,0.24150648,0.24150648] [obj] 0.24313827877680233
